400 1584 
1 5 1
1 6 1
1 7 1
1 11 1
1 57 1
1 60 1
1 61 1
1 120 1
1 135 1
1 167 1
1 179 1
1 210 1
1 232 1
1 241 1
1 320 1
1 324 1
1 325 1
2 5 1
2 6 1
2 7 1
2 8 1
2 9 1
2 11 1
2 12 1
2 13 1
2 20 1
2 22 1
2 24 1
2 25 1
2 26 1
2 28 1
2 31 1
2 34 1
2 36 1
2 39 1
2 41 1
2 45 1
2 47 1
2 48 1
2 59 1
2 66 1
2 67 1
2 68 1
2 72 1
2 77 1
2 78 1
2 79 1
2 86 1
2 96 1
2 102 1
2 103 1
2 104 1
2 106 1
2 117 1
2 124 1
2 128 1
2 130 1
2 140 1
2 141 1
2 143 1
2 149 1
2 183 1
2 196 1
2 212 1
2 218 1
2 222 1
2 233 1
2 235 1
2 253 1
2 254 1
2 271 1
2 286 1
2 294 1
2 295 1
2 339 1
2 353 1
2 362 1
2 363 1
2 373 1
2 386 1
2 398 1
3 5 1
3 9 1
3 24 1
3 27 1
3 28 1
3 33 1
3 64 1
3 106 1
3 120 1
3 123 1
3 153 1
3 283 1
3 294 1
3 370 1
4 5 1
4 6 1
4 7 1
4 9 1
4 12 1
4 13 1
4 15 1
4 16 1
4 18 1
4 20 1
4 21 1
4 40 1
4 57 1
4 60 1
4 79 1
4 107 1
4 116 1
4 125 1
4 127 1
4 132 1
4 149 1
4 155 1
4 184 1
4 189 1
4 201 1
4 241 1
4 242 1
4 258 1
4 262 1
4 324 1
4 346 1
4 354 1
4 377 1
4 381 1
5 6 1
5 8 1
5 10 1
5 11 1
5 12 1
5 16 1
5 25 1
5 32 1
5 34 1
5 35 1
5 37 1
5 48 1
5 52 1
5 57 1
5 63 1
5 70 1
5 73 1
5 76 1
5 79 1
5 87 1
5 89 1
5 107 1
5 144 1
5 165 1
5 169 1
5 183 1
5 213 1
5 259 1
5 261 1
5 263 1
5 264 1
5 265 1
5 276 1
5 282 1
5 303 1
5 311 1
5 322 1
5 324 1
5 349 1
5 360 1
5 365 1
5 373 1
6 7 1
6 8 1
6 9 1
6 10 1
6 14 1
6 15 1
6 17 1
6 19 1
6 21 1
6 23 1
6 25 1
6 35 1
6 46 1
6 49 1
6 50 1
6 51 1
6 52 1
6 53 1
6 54 1
6 55 1
6 66 1
6 67 1
6 68 1
6 69 1
6 71 1
6 82 1
6 86 1
6 90 1
6 99 1
6 101 1
6 105 1
6 118 1
6 119 1
6 121 1
6 131 1
6 135 1
6 136 1
6 137 1
6 138 1
6 145 1
6 155 1
6 156 1
6 159 1
6 162 1
6 163 1
6 167 1
6 175 1
6 185 1
6 197 1
6 198 1
6 200 1
6 218 1
6 222 1
6 231 1
6 234 1
6 236 1
6 242 1
6 250 1
6 264 1
6 272 1
6 280 1
6 283 1
6 296 1
6 300 1
6 302 1
6 305 1
6 323 1
6 334 1
6 336 1
6 345 1
6 358 1
6 368 1
6 374 1
6 390 1
7 8 1
7 12 1
7 14 1
7 15 1
7 16 1
7 18 1
7 19 1
7 22 1
7 26 1
7 27 1
7 32 1
7 33 1
7 36 1
7 38 1
7 42 1
7 68 1
7 80 1
7 95 1
7 98 1
7 112 1
7 128 1
7 140 1
7 142 1
7 144 1
7 146 1
7 148 1
7 154 1
7 161 1
7 168 1
7 180 1
7 200 1
7 230 1
7 237 1
7 238 1
7 239 1
7 252 1
7 258 1
7 274 1
7 289 1
7 291 1
7 309 1
7 317 1
7 351 1
7 366 1
7 385 1
8 10 1
8 13 1
8 14 1
8 36 1
8 62 1
8 136 1
8 157 1
8 217 1
8 251 1
8 267 1
8 286 1
8 313 1
8 330 1
8 388 1
9 10 1
9 15 1
9 21 1
9 31 1
9 40 1
9 47 1
9 56 1
9 71 1
9 76 1
9 78 1
9 104 1
9 122 1
9 132 1
9 134 1
9 195 1
9 228 1
9 255 1
9 301 1
9 302 1
9 330 1
9 371 1
9 373 1
9 380 1
9 383 1
10 11 1
10 13 1
10 14 1
10 17 1
10 18 1
10 19 1
10 22 1
10 25 1
10 28 1
10 29 1
10 32 1
10 39 1
10 54 1
10 57 1
10 66 1
10 67 1
10 70 1
10 86 1
10 89 1
10 92 1
10 95 1
10 96 1
10 97 1
10 100 1
10 120 1
10 133 1
10 140 1
10 150 1
10 154 1
10 206 1
10 209 1
10 210 1
10 212 1
10 223 1
10 235 1
10 259 1
10 272 1
10 284 1
10 285 1
10 294 1
10 308 1
10 325 1
10 341 1
10 361 1
10 375 1
11 20 1
11 21 1
11 26 1
11 29 1
11 38 1
11 43 1
11 97 1
11 124 1
11 164 1
11 175 1
11 191 1
11 367 1
11 377 1
12 24 1
12 26 1
12 30 1
12 37 1
12 65 1
12 75 1
12 82 1
12 148 1
12 149 1
12 184 1
12 219 1
12 287 1
12 333 1
12 343 1
12 368 1
13 16 1
13 18 1
13 24 1
13 30 1
13 44 1
13 48 1
13 58 1
13 61 1
13 62 1
13 71 1
13 129 1
13 161 1
13 229 1
13 252 1
13 255 1
13 280 1
13 281 1
13 300 1
13 344 1
14 17 1
14 20 1
14 23 1
14 30 1
14 33 1
14 40 1
14 41 1
14 50 1
14 82 1
14 90 1
14 92 1
14 105 1
14 111 1
14 115 1
14 138 1
14 150 1
14 174 1
14 211 1
14 216 1
14 230 1
14 232 1
14 244 1
14 258 1
14 260 1
14 307 1
14 332 1
14 351 1
15 19 1
15 27 1
15 32 1
15 44 1
15 111 1
15 134 1
15 145 1
15 157 1
15 159 1
15 285 1
15 380 1
16 17 1
16 30 1
16 40 1
16 43 1
16 53 1
16 84 1
16 109 1
16 117 1
16 122 1
16 123 1
16 126 1
16 150 1
16 181 1
16 188 1
16 226 1
16 233 1
16 245 1
16 257 1
16 288 1
16 321 1
16 366 1
17 27 1
17 34 1
17 37 1
17 58 1
17 61 1
17 69 1
17 80 1
17 85 1
17 88 1
17 114 1
17 135 1
17 166 1
17 199 1
17 211 1
17 215 1
17 270 1
17 323 1
17 376 1
18 37 1
18 45 1
18 101 1
18 114 1
18 153 1
18 172 1
18 251 1
18 270 1
18 345 1
18 388 1
18 393 1
18 398 1
19 29 1
19 33 1
19 35 1
19 38 1
19 52 1
19 67 1
19 77 1
19 81 1
19 82 1
19 88 1
19 123 1
19 131 1
19 133 1
19 164 1
19 206 1
19 229 1
19 238 1
19 288 1
19 330 1
19 347 1
19 366 1
19 369 1
19 379 1
19 396 1
20 23 1
20 31 1
20 42 1
20 43 1
20 64 1
20 109 1
20 118 1
20 158 1
20 173 1
20 211 1
20 220 1
20 266 1
20 325 1
20 337 1
20 359 1
21 22 1
21 28 1
21 48 1
21 50 1
21 56 1
21 61 1
21 69 1
21 80 1
21 93 1
21 98 1
21 105 1
21 116 1
21 127 1
21 146 1
21 154 1
21 189 1
21 192 1
21 197 1
21 242 1
21 257 1
21 268 1
21 274 1
21 343 1
21 348 1
21 349 1
22 23 1
22 29 1
22 46 1
22 62 1
22 86 1
22 105 1
22 134 1
22 214 1
22 244 1
22 254 1
22 269 1
22 345 1
22 367 1
23 35 1
23 60 1
23 100 1
23 106 1
23 151 1
23 316 1
23 368 1
24 45 1
24 70 1
24 147 1
24 162 1
25 47 1
25 79 1
25 141 1
25 242 1
25 253 1
25 270 1
25 334 1
25 354 1
26 45 1
26 46 1
26 65 1
26 97 1
26 263 1
26 271 1
26 315 1
26 392 1
27 36 1
27 59 1
27 88 1
27 131 1
27 197 1
27 201 1
27 204 1
27 291 1
27 302 1
28 31 1
28 41 1
28 51 1
28 63 1
28 65 1
28 91 1
28 141 1
28 179 1
28 188 1
28 208 1
28 216 1
28 240 1
28 274 1
28 328 1
28 362 1
28 363 1
28 377 1
28 390 1
29 44 1
29 46 1
29 76 1
29 87 1
29 142 1
29 246 1
29 371 1
29 394 1
30 34 1
30 49 1
30 62 1
30 114 1
30 174 1
30 352 1
31 54 1
31 66 1
31 68 1
31 108 1
31 113 1
31 129 1
31 156 1
31 158 1
31 176 1
31 197 1
31 199 1
31 200 1
31 259 1
31 286 1
31 299 1
31 393 1
31 394 1
32 41 1
32 49 1
32 58 1
32 64 1
32 76 1
32 84 1
32 95 1
32 139 1
32 187 1
32 192 1
32 204 1
32 207 1
32 298 1
32 316 1
32 352 1
32 363 1
33 42 1
33 125 1
33 145 1
34 38 1
34 43 1
34 55 1
34 58 1
34 72 1
34 98 1
34 107 1
34 156 1
34 170 1
34 205 1
34 207 1
34 254 1
35 39 1
35 47 1
35 74 1
35 75 1
35 81 1
35 83 1
35 88 1
35 93 1
35 96 1
35 173 1
35 185 1
35 191 1
35 290 1
35 297 1
35 395 1
36 39 1
36 89 1
36 112 1
36 203 1
36 204 1
36 238 1
36 382 1
37 53 1
37 55 1
37 60 1
37 65 1
37 72 1
37 75 1
37 89 1
37 94 1
37 132 1
37 306 1
37 345 1
37 346 1
37 348 1
38 42 1
38 63 1
38 83 1
38 137 1
38 201 1
39 44 1
39 50 1
39 64 1
39 69 1
39 73 1
39 204 1
39 239 1
39 243 1
39 249 1
39 260 1
39 272 1
39 292 1
39 342 1
40 59 1
40 93 1
40 158 1
40 163 1
40 249 1
40 256 1
40 277 1
40 321 1
40 328 1
40 344 1
41 113 1
41 181 1
41 203 1
42 59 1
42 75 1
42 94 1
42 101 1
42 217 1
42 275 1
42 362 1
43 81 1
43 104 1
43 121 1
43 247 1
43 248 1
43 257 1
43 300 1
43 312 1
43 331 1
43 347 1
44 52 1
44 85 1
44 112 1
44 136 1
44 140 1
44 179 1
44 187 1
44 227 1
44 273 1
44 304 1
44 314 1
44 350 1
44 371 1
44 390 1
45 49 1
45 51 1
45 54 1
45 78 1
45 83 1
45 91 1
45 111 1
45 119 1
45 121 1
45 132 1
45 164 1
45 166 1
45 168 1
45 170 1
45 190 1
45 192 1
45 221 1
45 243 1
45 247 1
45 285 1
45 298 1
45 331 1
45 357 1
45 363 1
45 375 1
45 382 1
46 74 1
46 99 1
46 100 1
46 115 1
46 157 1
46 208 1
46 223 1
46 252 1
46 348 1
46 375 1
47 55 1
47 63 1
47 84 1
47 136 1
47 166 1
47 180 1
47 203 1
47 217 1
47 222 1
47 255 1
47 273 1
47 297 1
47 335 1
47 365 1
47 378 1
48 90 1
48 115 1
48 247 1
48 297 1
49 53 1
49 143 1
49 161 1
49 167 1
49 213 1
49 224 1
49 237 1
49 337 1
49 353 1
49 357 1
49 398 1
50 51 1
50 56 1
50 166 1
50 264 1
50 265 1
50 299 1
50 305 1
50 355 1
50 361 1
50 390 1
51 194 1
51 231 1
51 356 1
51 372 1
52 77 1
52 153 1
52 188 1
52 222 1
52 277 1
52 307 1
52 360 1
53 56 1
53 74 1
53 83 1
53 103 1
53 115 1
53 194 1
53 213 1
53 260 1
53 329 1
53 376 1
54 118 1
54 130 1
54 245 1
54 269 1
55 125 1
55 185 1
55 203 1
55 317 1
55 369 1
56 72 1
56 74 1
56 98 1
56 139 1
57 70 1
57 251 1
58 85 1
58 95 1
58 156 1
58 170 1
58 275 1
58 336 1
58 339 1
58 347 1
58 372 1
59 99 1
59 328 1
60 73 1
60 87 1
60 92 1
60 133 1
60 138 1
60 143 1
60 148 1
60 190 1
60 198 1
60 220 1
61 117 1
61 135 1
61 205 1
61 218 1
61 267 1
61 388 1
62 73 1
62 81 1
62 110 1
62 151 1
62 186 1
62 275 1
62 344 1
62 372 1
63 122 1
64 110 1
64 160 1
65 97 1
65 100 1
65 137 1
65 155 1
65 206 1
65 290 1
65 353 1
65 359 1
66 96 1
66 120 1
66 278 1
66 392 1
66 400 1
67 77 1
67 160 1
67 162 1
67 171 1
67 174 1
67 176 1
67 206 1
67 225 1
67 364 1
68 127 1
68 244 1
69 80 1
69 108 1
69 109 1
69 332 1
69 344 1
69 349 1
69 399 1
70 71 1
70 92 1
70 102 1
70 104 1
70 127 1
70 152 1
70 154 1
70 172 1
70 227 1
70 280 1
70 284 1
70 386 1
71 139 1
71 256 1
71 260 1
71 385 1
72 146 1
73 85 1
73 108 1
73 165 1
73 211 1
73 374 1
74 155 1
74 160 1
74 195 1
74 226 1
74 236 1
74 288 1
75 107 1
75 282 1
75 340 1
76 78 1
76 245 1
76 248 1
76 347 1
77 91 1
77 193 1
77 198 1
77 234 1
77 279 1
77 318 1
77 374 1
77 393 1
78 165 1
78 176 1
78 196 1
78 319 1
79 90 1
79 94 1
79 109 1
79 151 1
79 202 1
79 292 1
79 313 1
79 320 1
79 327 1
79 351 1
79 391 1
80 275 1
80 323 1
81 114 1
81 121 1
81 123 1
81 152 1
81 192 1
81 202 1
81 208 1
81 227 1
81 228 1
81 240 1
81 256 1
82 84 1
82 102 1
82 111 1
82 186 1
82 322 1
83 91 1
83 94 1
83 373 1
83 400 1
84 93 1
84 106 1
84 118 1
84 130 1
84 144 1
84 149 1
84 172 1
84 228 1
84 246 1
84 247 1
84 269 1
84 314 1
84 346 1
84 400 1
85 87 1
85 112 1
85 113 1
85 133 1
85 178 1
85 323 1
86 124 1
86 205 1
86 276 1
87 103 1
87 117 1
87 190 1
87 194 1
87 240 1
87 313 1
87 335 1
88 116 1
88 145 1
88 147 1
88 168 1
88 193 1
88 282 1
89 343 1
90 101 1
90 110 1
90 139 1
90 186 1
90 265 1
90 287 1
90 294 1
90 376 1
91 189 1
91 212 1
91 216 1
92 99 1
92 142 1
92 201 1
93 103 1
93 159 1
93 165 1
93 268 1
94 130 1
94 177 1
94 299 1
94 355 1
95 110 1
95 128 1
95 138 1
95 141 1
95 142 1
95 199 1
95 209 1
95 220 1
95 221 1
95 227 1
95 235 1
95 236 1
95 246 1
95 281 1
95 378 1
96 113 1
96 186 1
97 129 1
97 175 1
97 184 1
97 271 1
97 290 1
99 181 1
99 185 1
99 229 1
99 241 1
99 264 1
99 309 1
100 230 1
101 102 1
101 119 1
101 162 1
101 170 1
101 202 1
101 225 1
101 230 1
101 298 1
101 318 1
101 338 1
101 355 1
102 108 1
102 119 1
102 124 1
102 128 1
102 143 1
102 177 1
103 171 1
103 385 1
104 125 1
104 194 1
104 219 1
104 229 1
104 273 1
104 306 1
104 352 1
105 126 1
105 146 1
105 172 1
105 180 1
105 218 1
105 223 1
105 261 1
105 274 1
105 276 1
105 284 1
105 338 1
106 144 1
106 152 1
106 315 1
108 116 1
108 176 1
108 182 1
108 188 1
108 317 1
109 273 1
110 171 1
110 205 1
110 253 1
110 311 1
111 279 1
111 326 1
112 169 1
112 213 1
112 217 1
114 219 1
114 221 1
114 388 1
115 151 1
115 163 1
115 225 1
116 221 1
116 386 1
117 122 1
117 126 1
117 137 1
117 180 1
117 198 1
117 226 1
117 283 1
118 134 1
118 159 1
118 182 1
118 237 1
118 324 1
118 329 1
119 164 1
119 296 1
119 351 1
120 256 1
120 267 1
121 129 1
121 131 1
121 152 1
121 183 1
121 200 1
121 214 1
121 215 1
121 228 1
121 237 1
121 244 1
121 245 1
121 258 1
121 263 1
121 287 1
121 291 1
121 300 1
121 302 1
121 304 1
121 305 1
121 320 1
121 326 1
121 333 1
121 342 1
121 391 1
122 158 1
122 169 1
122 174 1
122 182 1
122 196 1
122 303 1
123 157 1
123 234 1
123 299 1
123 303 1
123 310 1
123 327 1
124 126 1
124 163 1
124 268 1
124 279 1
125 202 1
127 150 1
127 314 1
128 214 1
128 314 1
129 147 1
129 304 1
130 354 1
131 214 1
131 293 1
132 272 1
132 385 1
132 392 1
133 191 1
133 278 1
134 261 1
134 329 1
135 209 1
135 220 1
135 334 1
136 333 1
136 367 1
136 391 1
136 396 1
137 212 1
137 249 1
138 177 1
138 219 1
138 355 1
138 378 1
138 382 1
138 389 1
138 396 1
139 167 1
139 248 1
139 290 1
139 312 1
139 339 1
139 368 1
139 384 1
140 148 1
140 153 1
140 195 1
140 224 1
140 240 1
140 250 1
140 292 1
141 161 1
141 231 1
141 287 1
142 147 1
142 160 1
142 169 1
142 177 1
142 322 1
142 366 1
142 389 1
143 262 1
143 289 1
143 307 1
143 349 1
143 375 1
143 387 1
144 284 1
144 307 1
144 341 1
145 360 1
146 168 1
147 171 1
147 209 1
147 283 1
147 297 1
148 195 1
149 196 1
150 232 1
150 364 1
151 187 1
151 239 1
151 276 1
151 336 1
151 387 1
152 381 1
153 280 1
154 269 1
155 175 1
155 178 1
155 238 1
155 281 1
155 293 1
155 339 1
156 239 1
156 296 1
157 210 1
157 305 1
158 173 1
158 224 1
158 261 1
158 361 1
158 397 1
159 216 1
159 285 1
159 331 1
159 335 1
159 376 1
160 184 1
160 248 1
160 262 1
160 357 1
161 246 1
162 210 1
162 231 1
162 316 1
162 370 1
163 252 1
163 358 1
164 232 1
164 266 1
165 178 1
165 179 1
165 207 1
165 295 1
165 313 1
166 215 1
167 234 1
167 315 1
168 270 1
169 310 1
169 322 1
169 332 1
169 378 1
170 181 1
170 243 1
170 304 1
171 173 1
171 277 1
171 340 1
172 277 1
172 278 1
172 327 1
173 178 1
173 249 1
173 262 1
173 266 1
173 319 1
173 348 1
173 356 1
174 193 1
175 187 1
175 236 1
176 250 1
177 190 1
177 226 1
177 233 1
177 306 1
177 341 1
178 182 1
179 207 1
179 379 1
180 183 1
180 193 1
180 312 1
181 215 1
181 250 1
181 308 1
182 253 1
182 316 1
183 331 1
184 291 1
185 191 1
187 189 1
187 199 1
187 254 1
187 263 1
187 399 1
188 224 1
188 282 1
188 357 1
189 318 1
192 379 1
193 279 1
195 266 1
196 293 1
196 301 1
196 329 1
196 372 1
196 380 1
197 225 1
198 301 1
199 288 1
199 334 1
201 389 1
202 267 1
202 320 1
202 338 1
203 208 1
204 233 1
204 383 1
206 308 1
206 369 1
206 395 1
208 235 1
208 259 1
208 310 1
208 361 1
209 281 1
210 257 1
210 312 1
211 223 1
213 308 1
215 325 1
216 295 1
217 241 1
218 309 1
218 367 1
220 350 1
220 358 1
221 374 1
222 271 1
222 315 1
222 317 1
222 335 1
224 243 1
225 309 1
226 359 1
231 395 1
232 289 1
232 377 1
233 321 1
233 333 1
233 342 1
233 383 1
236 371 1
237 255 1
239 289 1
239 318 1
239 340 1
240 328 1
240 397 1
244 301 1
244 396 1
249 251 1
249 265 1
250 292 1
250 326 1
251 364 1
252 278 1
253 370 1
255 295 1
256 387 1
256 392 1
257 383 1
259 311 1
261 369 1
264 336 1
265 394 1
266 337 1
266 359 1
266 384 1
267 268 1
268 370 1
269 298 1
270 310 1
271 319 1
271 350 1
273 303 1
273 386 1
274 286 1
274 311 1
276 389 1
277 321 1
277 380 1
279 327 1
281 326 1
281 337 1
281 364 1
282 293 1
282 296 1
282 356 1
284 340 1
287 387 1
291 338 1
291 342 1
293 356 1
298 306 1
299 381 1
303 352 1
304 354 1
305 362 1
306 346 1
307 330 1
307 360 1
310 341 1
313 332 1
316 393 1
317 319 1
317 343 1
323 350 1
325 365 1
325 398 1
330 399 1
331 379 1
331 394 1
333 395 1
337 358 1
337 381 1
347 397 1
348 353 1
348 365 1
348 384 1
351 400 1
356 397 1
363 384 1
366 382 1
367 391 1
396 399 1
