400 1583 
1 5 1
1 9 1
1 21 1
1 52 1
1 67 1
1 73 1
1 76 1
1 80 1
1 82 1
1 140 1
1 145 1
1 260 1
1 267 1
1 299 1
1 306 1
1 351 1
1 374 1
2 5 1
2 6 1
2 7 1
2 8 1
2 9 1
2 10 1
2 12 1
2 14 1
2 15 1
2 21 1
2 26 1
2 27 1
2 32 1
2 41 1
2 50 1
2 51 1
2 57 1
2 58 1
2 59 1
2 60 1
2 64 1
2 68 1
2 69 1
2 70 1
2 76 1
2 82 1
2 83 1
2 94 1
2 96 1
2 97 1
2 98 1
2 109 1
2 110 1
2 118 1
2 125 1
2 128 1
2 133 1
2 134 1
2 144 1
2 148 1
2 151 1
2 159 1
2 166 1
2 178 1
2 180 1
2 183 1
2 184 1
2 185 1
2 188 1
2 189 1
2 191 1
2 202 1
2 214 1
2 221 1
2 237 1
2 240 1
2 246 1
2 247 1
2 263 1
2 286 1
2 293 1
2 297 1
2 302 1
2 318 1
2 337 1
2 348 1
2 355 1
2 392 1
2 395 1
2 400 1
3 5 1
3 6 1
3 7 1
3 10 1
3 12 1
3 13 1
3 14 1
3 22 1
3 23 1
3 31 1
3 45 1
3 46 1
3 68 1
3 69 1
3 81 1
3 87 1
3 92 1
3 93 1
3 96 1
3 97 1
3 98 1
3 102 1
3 116 1
3 125 1
3 146 1
3 167 1
3 179 1
3 187 1
3 193 1
3 198 1
3 204 1
3 218 1
3 236 1
3 239 1
3 248 1
3 262 1
3 271 1
3 288 1
3 311 1
3 332 1
3 339 1
3 343 1
3 354 1
3 367 1
4 5 1
4 6 1
4 7 1
4 8 1
4 9 1
4 11 1
4 13 1
4 16 1
4 22 1
4 97 1
4 98 1
4 112 1
4 117 1
4 127 1
4 133 1
4 134 1
4 137 1
4 138 1
4 152 1
4 158 1
4 197 1
4 201 1
4 213 1
4 215 1
4 233 1
4 256 1
4 260 1
4 318 1
4 329 1
4 330 1
4 344 1
4 366 1
4 386 1
5 6 1
5 7 1
5 8 1
5 11 1
5 13 1
5 14 1
5 16 1
5 17 1
5 19 1
5 26 1
5 36 1
5 38 1
5 39 1
5 42 1
5 49 1
5 56 1
5 60 1
5 62 1
5 65 1
5 67 1
5 76 1
5 80 1
5 95 1
5 101 1
5 107 1
5 111 1
5 116 1
5 117 1
5 126 1
5 135 1
5 141 1
5 146 1
5 153 1
5 165 1
5 168 1
5 191 1
5 205 1
5 219 1
5 224 1
5 232 1
5 238 1
5 266 1
5 273 1
5 276 1
5 277 1
5 286 1
5 287 1
5 303 1
5 305 1
5 317 1
5 322 1
5 341 1
5 372 1
5 376 1
5 378 1
5 394 1
6 8 1
6 9 1
6 10 1
6 11 1
6 15 1
6 19 1
6 20 1
6 27 1
6 28 1
6 30 1
6 35 1
6 37 1
6 39 1
6 40 1
6 44 1
6 46 1
6 53 1
6 66 1
6 75 1
6 89 1
6 115 1
6 137 1
6 138 1
6 143 1
6 150 1
6 154 1
6 171 1
6 180 1
6 183 1
6 188 1
6 205 1
6 206 1
6 232 1
6 237 1
6 241 1
6 245 1
6 281 1
6 289 1
6 340 1
6 342 1
6 354 1
6 356 1
6 357 1
6 391 1
6 397 1
7 156 1
7 256 1
7 324 1
8 10 1
8 11 1
8 12 1
8 15 1
8 17 1
8 23 1
8 36 1
8 43 1
8 44 1
8 53 1
8 65 1
8 69 1
8 72 1
8 75 1
8 76 1
8 77 1
8 85 1
8 177 1
8 182 1
8 188 1
8 201 1
8 223 1
8 228 1
8 239 1
8 259 1
8 264 1
8 265 1
8 295 1
8 316 1
8 318 1
9 25 1
9 30 1
9 34 1
9 38 1
9 94 1
9 108 1
9 122 1
9 125 1
9 160 1
9 207 1
9 216 1
9 221 1
9 243 1
9 299 1
9 361 1
9 388 1
10 15 1
10 17 1
10 24 1
10 27 1
10 29 1
10 31 1
10 55 1
10 65 1
10 67 1
10 77 1
10 86 1
10 90 1
10 94 1
10 123 1
10 150 1
10 157 1
10 174 1
10 190 1
10 193 1
10 195 1
10 234 1
10 299 1
10 353 1
10 360 1
10 383 1
10 392 1
11 12 1
11 18 1
11 20 1
11 21 1
11 39 1
11 44 1
11 47 1
11 50 1
11 51 1
11 53 1
11 71 1
11 77 1
11 84 1
11 85 1
11 89 1
11 113 1
11 115 1
11 128 1
11 131 1
11 133 1
11 141 1
11 144 1
11 146 1
11 152 1
11 159 1
11 170 1
11 177 1
11 210 1
11 213 1
11 218 1
11 234 1
11 290 1
11 311 1
11 325 1
11 356 1
11 359 1
11 362 1
11 365 1
11 366 1
11 368 1
11 399 1
12 13 1
12 16 1
12 17 1
12 18 1
12 26 1
12 31 1
12 33 1
12 44 1
12 48 1
12 53 1
12 62 1
12 72 1
12 107 1
12 109 1
12 151 1
12 153 1
12 154 1
12 160 1
12 162 1
12 163 1
12 166 1
12 219 1
12 297 1
13 14 1
13 16 1
13 18 1
13 19 1
13 20 1
13 21 1
13 28 1
13 34 1
13 43 1
13 56 1
13 74 1
13 94 1
13 106 1
13 112 1
13 118 1
13 119 1
13 122 1
13 124 1
13 126 1
13 128 1
13 132 1
13 159 1
13 171 1
13 194 1
13 197 1
13 230 1
13 238 1
13 254 1
13 274 1
13 288 1
13 293 1
13 300 1
13 347 1
13 375 1
13 398 1
14 50 1
14 68 1
14 88 1
14 114 1
14 168 1
14 175 1
14 202 1
14 226 1
14 292 1
14 321 1
14 340 1
14 363 1
14 389 1
15 23 1
15 25 1
15 27 1
15 33 1
15 35 1
15 36 1
15 37 1
15 42 1
15 45 1
15 47 1
15 52 1
15 66 1
15 77 1
15 78 1
15 79 1
15 83 1
15 85 1
15 87 1
15 95 1
15 101 1
15 114 1
15 117 1
15 118 1
15 132 1
15 138 1
15 140 1
15 155 1
15 157 1
15 167 1
15 209 1
15 216 1
15 233 1
15 235 1
15 262 1
15 275 1
15 289 1
15 356 1
15 368 1
15 378 1
15 379 1
15 387 1
15 388 1
15 398 1
16 28 1
16 29 1
16 49 1
16 86 1
16 91 1
16 96 1
16 175 1
16 226 1
16 240 1
16 258 1
16 276 1
16 286 1
17 18 1
17 19 1
17 83 1
17 95 1
17 122 1
17 131 1
17 143 1
17 156 1
17 162 1
17 261 1
17 287 1
17 291 1
17 311 1
17 328 1
18 29 1
18 30 1
18 33 1
18 35 1
18 40 1
18 47 1
18 57 1
18 59 1
18 63 1
18 71 1
18 74 1
18 81 1
18 88 1
18 104 1
18 116 1
18 187 1
18 224 1
18 233 1
18 251 1
18 264 1
18 266 1
18 304 1
18 341 1
19 23 1
19 24 1
19 32 1
19 34 1
19 70 1
19 82 1
19 100 1
19 113 1
19 152 1
19 161 1
19 169 1
19 185 1
19 192 1
19 196 1
19 203 1
19 225 1
19 229 1
19 245 1
19 253 1
19 269 1
19 296 1
19 305 1
19 318 1
19 340 1
19 355 1
20 22 1
20 24 1
20 38 1
20 39 1
20 43 1
20 54 1
20 58 1
20 60 1
20 64 1
20 75 1
20 95 1
20 103 1
20 114 1
20 115 1
20 119 1
20 120 1
20 140 1
20 155 1
20 168 1
20 174 1
20 183 1
20 231 1
20 236 1
20 255 1
20 275 1
20 314 1
20 335 1
20 364 1
20 368 1
20 370 1
20 381 1
20 382 1
20 385 1
21 22 1
21 74 1
21 105 1
21 163 1
21 178 1
21 298 1
21 336 1
21 372 1
21 398 1
21 400 1
22 25 1
22 48 1
22 54 1
22 112 1
22 144 1
22 163 1
22 185 1
22 202 1
22 251 1
22 280 1
22 307 1
22 326 1
22 332 1
22 355 1
22 357 1
22 380 1
23 24 1
23 26 1
23 32 1
23 87 1
23 101 1
23 122 1
23 220 1
23 265 1
23 268 1
23 309 1
23 321 1
23 396 1
24 25 1
24 28 1
24 31 1
24 33 1
24 35 1
24 37 1
24 45 1
24 49 1
24 52 1
24 55 1
24 56 1
24 78 1
24 148 1
24 155 1
24 172 1
24 190 1
24 216 1
24 259 1
24 272 1
24 283 1
24 304 1
24 357 1
24 361 1
24 396 1
25 48 1
25 50 1
25 54 1
25 56 1
25 57 1
25 61 1
25 81 1
25 91 1
25 92 1
25 99 1
25 101 1
25 106 1
25 123 1
25 130 1
25 144 1
25 154 1
25 155 1
25 158 1
25 172 1
25 187 1
25 189 1
25 196 1
25 217 1
25 228 1
25 232 1
25 244 1
25 246 1
25 249 1
25 263 1
25 293 1
25 315 1
25 345 1
25 354 1
25 358 1
25 373 1
26 66 1
26 68 1
26 129 1
26 148 1
26 223 1
26 350 1
27 29 1
27 30 1
27 34 1
27 47 1
27 62 1
27 103 1
27 104 1
27 159 1
27 169 1
27 348 1
27 359 1
28 40 1
28 90 1
28 147 1
28 191 1
28 208 1
28 257 1
28 272 1
28 334 1
29 55 1
29 221 1
30 241 1
30 243 1
30 262 1
30 273 1
30 335 1
31 32 1
31 38 1
31 72 1
31 121 1
31 212 1
31 317 1
32 37 1
32 41 1
32 42 1
32 64 1
32 111 1
32 158 1
32 204 1
32 351 1
32 384 1
33 41 1
33 79 1
33 81 1
33 91 1
33 172 1
33 173 1
33 206 1
33 209 1
33 251 1
33 321 1
34 36 1
34 62 1
34 67 1
34 75 1
34 82 1
34 100 1
34 112 1
34 139 1
34 142 1
34 147 1
34 161 1
34 201 1
34 249 1
34 271 1
34 274 1
34 301 1
34 333 1
34 360 1
34 369 1
34 389 1
35 40 1
35 42 1
35 43 1
35 51 1
35 93 1
35 139 1
35 146 1
35 156 1
35 166 1
35 177 1
35 226 1
35 301 1
35 371 1
35 390 1
36 41 1
36 60 1
36 63 1
36 120 1
36 164 1
36 180 1
36 294 1
36 379 1
37 46 1
37 69 1
37 138 1
37 161 1
37 167 1
37 176 1
38 258 1
38 294 1
38 366 1
39 48 1
39 49 1
39 84 1
39 90 1
39 126 1
39 194 1
39 369 1
40 64 1
40 86 1
40 121 1
40 136 1
40 209 1
40 320 1
40 340 1
41 45 1
41 51 1
41 57 1
41 59 1
41 71 1
41 78 1
41 93 1
41 99 1
41 127 1
41 135 1
41 154 1
41 165 1
41 184 1
41 193 1
41 215 1
41 233 1
41 237 1
41 280 1
42 61 1
42 105 1
42 120 1
42 149 1
42 214 1
42 227 1
42 389 1
43 73 1
43 164 1
44 46 1
44 54 1
44 306 1
45 59 1
45 61 1
45 79 1
45 256 1
45 344 1
45 359 1
46 66 1
46 107 1
46 180 1
46 253 1
46 384 1
46 385 1
47 73 1
47 91 1
47 110 1
47 225 1
48 52 1
48 104 1
48 124 1
48 143 1
48 151 1
48 175 1
48 176 1
48 300 1
48 303 1
49 90 1
49 104 1
49 105 1
49 169 1
49 196 1
49 252 1
49 269 1
49 288 1
49 292 1
49 321 1
49 326 1
49 334 1
49 390 1
50 63 1
50 102 1
50 106 1
50 111 1
50 113 1
50 118 1
50 129 1
50 220 1
50 227 1
50 255 1
50 259 1
50 283 1
50 293 1
50 341 1
50 347 1
50 349 1
50 350 1
50 366 1
51 55 1
51 109 1
51 110 1
51 115 1
51 123 1
51 141 1
51 170 1
51 187 1
51 200 1
51 296 1
51 309 1
52 140 1
52 394 1
53 63 1
53 65 1
53 73 1
53 98 1
53 176 1
53 312 1
53 331 1
53 347 1
53 349 1
53 355 1
54 58 1
54 78 1
54 308 1
54 345 1
55 199 1
55 272 1
55 294 1
55 346 1
55 369 1
56 85 1
56 92 1
56 379 1
57 58 1
57 92 1
57 113 1
57 210 1
57 213 1
57 222 1
57 234 1
57 346 1
57 365 1
58 125 1
58 149 1
58 224 1
58 257 1
59 61 1
59 103 1
59 192 1
59 203 1
59 242 1
59 343 1
59 358 1
59 379 1
60 72 1
60 134 1
60 285 1
60 333 1
61 130 1
61 175 1
61 182 1
61 194 1
61 220 1
61 241 1
61 269 1
61 352 1
62 84 1
62 86 1
62 110 1
62 133 1
62 147 1
62 199 1
62 202 1
62 271 1
62 276 1
62 279 1
62 310 1
62 328 1
62 339 1
62 380 1
63 103 1
63 245 1
64 80 1
64 129 1
64 177 1
64 186 1
65 80 1
65 96 1
65 184 1
65 197 1
65 252 1
65 312 1
66 99 1
66 198 1
66 199 1
66 225 1
66 240 1
66 243 1
66 263 1
66 265 1
66 311 1
66 370 1
67 121 1
67 149 1
67 158 1
67 166 1
67 172 1
67 242 1
68 70 1
68 97 1
68 100 1
68 142 1
68 213 1
68 244 1
68 265 1
68 282 1
68 304 1
68 306 1
68 320 1
68 323 1
68 359 1
68 396 1
69 70 1
69 71 1
69 84 1
69 87 1
69 89 1
69 102 1
69 121 1
69 139 1
69 153 1
69 203 1
69 236 1
69 242 1
69 292 1
69 307 1
69 342 1
69 348 1
69 381 1
69 393 1
70 74 1
70 124 1
70 156 1
70 242 1
70 250 1
70 285 1
70 287 1
70 313 1
70 399 1
71 93 1
71 149 1
71 169 1
71 266 1
71 276 1
72 157 1
72 189 1
72 224 1
72 229 1
72 298 1
72 329 1
73 381 1
74 89 1
74 160 1
74 222 1
74 360 1
75 109 1
75 183 1
75 246 1
75 300 1
75 387 1
76 120 1
76 150 1
76 170 1
76 218 1
76 256 1
76 312 1
76 363 1
76 388 1
77 79 1
78 83 1
78 126 1
78 135 1
78 219 1
78 281 1
78 288 1
78 328 1
78 373 1
78 395 1
79 131 1
79 186 1
80 221 1
80 282 1
80 295 1
81 88 1
81 102 1
81 106 1
81 116 1
81 134 1
81 136 1
81 137 1
81 163 1
81 203 1
81 206 1
81 228 1
81 250 1
81 269 1
81 296 1
81 303 1
81 313 1
81 315 1
81 316 1
82 230 1
82 302 1
82 309 1
82 332 1
82 348 1
82 351 1
83 145 1
83 190 1
83 330 1
83 377 1
84 88 1
84 108 1
84 130 1
84 147 1
84 165 1
84 196 1
84 204 1
84 244 1
84 250 1
84 308 1
84 319 1
84 386 1
85 100 1
85 105 1
85 136 1
85 137 1
85 168 1
85 173 1
85 247 1
85 248 1
85 272 1
85 279 1
86 119 1
86 142 1
86 367 1
88 173 1
88 197 1
88 222 1
88 280 1
88 322 1
88 364 1
88 394 1
89 117 1
89 394 1
90 141 1
90 143 1
90 200 1
90 234 1
91 127 1
91 227 1
91 313 1
92 99 1
92 212 1
92 341 1
92 363 1
93 299 1
94 270 1
94 277 1
94 385 1
94 392 1
96 145 1
96 181 1
96 235 1
97 132 1
97 151 1
97 157 1
97 164 1
97 171 1
97 179 1
97 181 1
97 251 1
97 263 1
97 324 1
97 343 1
98 111 1
98 281 1
98 387 1
99 384 1
100 165 1
100 291 1
101 107 1
101 108 1
101 114 1
101 135 1
101 252 1
101 261 1
101 278 1
101 279 1
101 301 1
102 296 1
102 343 1
103 131 1
103 275 1
103 385 1
104 186 1
104 215 1
104 375 1
104 376 1
105 336 1
106 145 1
106 195 1
107 108 1
107 119 1
107 128 1
107 161 1
107 200 1
107 207 1
107 367 1
108 153 1
108 315 1
108 331 1
108 344 1
109 160 1
109 181 1
109 191 1
109 205 1
109 278 1
110 182 1
111 132 1
111 150 1
111 228 1
111 257 1
111 358 1
111 387 1
112 294 1
112 333 1
112 380 1
113 270 1
114 124 1
114 139 1
114 148 1
114 176 1
114 184 1
114 194 1
114 267 1
114 329 1
114 364 1
115 198 1
115 208 1
115 210 1
115 325 1
115 391 1
116 130 1
116 192 1
116 195 1
116 223 1
116 327 1
116 342 1
117 164 1
117 290 1
118 229 1
118 378 1
119 123 1
119 174 1
119 181 1
119 211 1
119 217 1
119 220 1
119 248 1
119 250 1
119 289 1
120 208 1
120 211 1
120 218 1
120 259 1
120 264 1
121 136 1
122 301 1
122 336 1
123 247 1
123 268 1
124 129 1
124 209 1
124 322 1
124 325 1
124 370 1
124 390 1
124 393 1
125 171 1
125 185 1
125 319 1
125 324 1
125 326 1
125 337 1
125 376 1
126 127 1
126 208 1
127 170 1
127 189 1
127 258 1
127 273 1
127 374 1
127 397 1
128 179 1
131 249 1
131 283 1
131 287 1
131 329 1
131 391 1
132 173 1
132 195 1
132 247 1
133 152 1
133 393 1
134 231 1
134 284 1
134 285 1
134 392 1
135 289 1
135 295 1
135 314 1
136 142 1
136 162 1
136 212 1
137 317 1
138 249 1
138 310 1
138 357 1
139 174 1
140 319 1
141 335 1
143 231 1
143 241 1
144 182 1
144 190 1
144 200 1
144 243 1
144 257 1
145 162 1
145 223 1
145 260 1
145 268 1
145 335 1
146 239 1
146 282 1
146 297 1
146 386 1
147 226 1
148 338 1
149 230 1
149 260 1
149 280 1
149 325 1
149 346 1
149 360 1
149 389 1
150 205 1
150 339 1
151 238 1
152 192 1
152 207 1
152 353 1
153 261 1
155 225 1
156 186 1
156 282 1
156 382 1
157 222 1
157 334 1
157 388 1
158 216 1
158 345 1
159 179 1
159 199 1
159 362 1
160 167 1
160 188 1
160 236 1
161 230 1
161 326 1
161 338 1
162 261 1
162 390 1
163 178 1
163 275 1
163 277 1
164 204 1
164 274 1
165 237 1
165 240 1
165 244 1
165 274 1
165 285 1
165 381 1
166 302 1
166 330 1
166 353 1
167 297 1
167 320 1
167 369 1
168 255 1
168 322 1
168 374 1
169 214 1
169 245 1
169 308 1
171 310 1
172 206 1
175 246 1
176 305 1
177 178 1
177 267 1
177 284 1
178 277 1
179 198 1
179 219 1
179 291 1
179 361 1
179 367 1
180 193 1
180 310 1
181 235 1
181 262 1
181 312 1
184 279 1
185 253 1
185 278 1
185 300 1
187 374 1
188 354 1
189 254 1
190 331 1
191 383 1
193 227 1
193 232 1
193 253 1
194 201 1
195 327 1
195 391 1
196 211 1
196 307 1
196 324 1
197 210 1
197 211 1
197 215 1
197 266 1
197 314 1
199 214 1
201 207 1
203 212 1
203 358 1
204 281 1
205 238 1
205 352 1
207 291 1
207 372 1
208 217 1
208 303 1
209 278 1
209 292 1
209 377 1
210 376 1
211 270 1
211 371 1
212 397 1
213 323 1
214 254 1
214 315 1
214 383 1
215 217 1
215 229 1
215 235 1
215 252 1
219 267 1
219 273 1
220 332 1
221 231 1
222 375 1
226 239 1
226 264 1
226 351 1
227 327 1
227 330 1
229 298 1
231 284 1
233 290 1
233 334 1
233 344 1
234 316 1
234 397 1
237 328 1
241 298 1
242 254 1
242 400 1
243 320 1
244 268 1
247 248 1
247 255 1
247 258 1
247 346 1
247 356 1
248 372 1
249 378 1
252 308 1
254 284 1
254 349 1
254 398 1
255 270 1
258 362 1
259 271 1
261 314 1
261 336 1
261 338 1
261 339 1
261 382 1
262 337 1
263 286 1
264 319 1
265 306 1
265 349 1
265 365 1
267 302 1
267 305 1
267 327 1
269 377 1
270 313 1
271 350 1
272 316 1
272 317 1
272 331 1
273 283 1
273 365 1
274 290 1
274 338 1
274 364 1
275 323 1
275 352 1
276 368 1
276 375 1
277 309 1
279 393 1
280 307 1
280 383 1
284 295 1
289 345 1
296 304 1
296 400 1
297 342 1
299 371 1
303 380 1
307 323 1
313 363 1
313 395 1
315 371 1
316 347 1
319 333 1
319 386 1
321 395 1
323 384 1
324 337 1
325 370 1
331 361 1
333 396 1
337 377 1
343 353 1
347 350 1
347 373 1
350 352 1
350 382 1
355 362 1
360 399 1
370 399 1
372 373 1
