200 783 
1 5 1
1 7 1
1 20 1
1 23 1
1 31 1
1 33 1
1 42 1
1 71 1
1 102 1
1 118 1
1 137 1
1 160 1
1 161 1
2 5 1
2 6 1
2 8 1
2 11 1
2 12 1
2 21 1
2 24 1
2 31 1
2 36 1
2 39 1
2 59 1
2 70 1
2 79 1
2 93 1
2 97 1
2 111 1
2 116 1
2 129 1
2 171 1
3 5 1
3 6 1
3 9 1
3 10 1
3 12 1
3 17 1
3 18 1
3 24 1
3 35 1
3 55 1
3 59 1
3 62 1
3 66 1
3 69 1
3 79 1
3 99 1
3 100 1
3 105 1
3 122 1
3 123 1
3 124 1
3 137 1
3 143 1
3 155 1
3 166 1
3 182 1
3 190 1
3 193 1
4 5 1
4 6 1
4 7 1
4 8 1
4 10 1
4 11 1
4 14 1
4 15 1
4 16 1
4 17 1
4 18 1
4 20 1
4 21 1
4 22 1
4 24 1
4 29 1
4 32 1
4 34 1
4 43 1
4 44 1
4 52 1
4 54 1
4 55 1
4 69 1
4 74 1
4 82 1
4 95 1
4 97 1
4 109 1
4 115 1
4 116 1
4 134 1
4 165 1
4 174 1
4 183 1
4 188 1
4 195 1
4 196 1
5 6 1
5 7 1
5 8 1
5 9 1
5 11 1
5 12 1
5 13 1
5 14 1
5 15 1
5 16 1
5 17 1
5 20 1
5 23 1
5 25 1
5 27 1
5 29 1
5 30 1
5 32 1
5 33 1
5 36 1
5 41 1
5 42 1
5 53 1
5 56 1
5 63 1
5 72 1
5 90 1
5 91 1
5 93 1
5 95 1
5 104 1
5 106 1
5 119 1
5 128 1
5 132 1
5 143 1
5 145 1
5 152 1
5 160 1
5 164 1
5 165 1
5 175 1
5 193 1
5 200 1
6 7 1
6 8 1
6 9 1
6 29 1
6 34 1
6 40 1
6 48 1
6 50 1
6 51 1
6 54 1
6 59 1
6 60 1
6 61 1
6 62 1
6 64 1
6 71 1
6 75 1
6 81 1
6 83 1
6 92 1
6 96 1
6 119 1
6 129 1
6 131 1
6 138 1
6 147 1
6 160 1
6 169 1
6 175 1
6 176 1
6 186 1
6 194 1
7 9 1
7 11 1
7 14 1
7 15 1
7 18 1
7 25 1
7 28 1
7 31 1
7 47 1
7 62 1
7 63 1
7 70 1
7 108 1
7 132 1
7 174 1
7 182 1
7 189 1
8 10 1
8 13 1
8 19 1
8 22 1
8 27 1
8 30 1
8 34 1
8 42 1
8 49 1
8 51 1
8 63 1
8 65 1
8 76 1
8 77 1
8 79 1
8 86 1
8 106 1
8 141 1
8 142 1
8 168 1
8 178 1
8 193 1
9 10 1
9 26 1
9 45 1
9 112 1
9 144 1
9 147 1
10 13 1
10 14 1
10 19 1
10 20 1
10 22 1
10 32 1
10 33 1
10 37 1
10 61 1
10 74 1
10 125 1
11 12 1
11 13 1
11 19 1
11 21 1
11 22 1
11 26 1
11 27 1
11 36 1
11 39 1
11 57 1
11 71 1
11 78 1
11 83 1
11 162 1
11 164 1
11 167 1
11 179 1
12 15 1
12 16 1
12 23 1
12 28 1
12 30 1
12 38 1
12 45 1
12 66 1
12 71 1
12 75 1
12 83 1
12 87 1
12 89 1
12 101 1
12 107 1
12 117 1
12 151 1
12 158 1
12 173 1
13 19 1
13 26 1
13 40 1
13 41 1
13 46 1
13 48 1
13 55 1
13 58 1
13 67 1
13 70 1
13 83 1
13 98 1
13 113 1
13 134 1
13 178 1
14 16 1
14 18 1
14 25 1
14 34 1
14 37 1
14 38 1
14 43 1
14 44 1
14 52 1
14 53 1
14 72 1
14 73 1
14 78 1
14 90 1
14 91 1
14 101 1
14 102 1
14 109 1
14 140 1
14 148 1
14 176 1
14 181 1
15 23 1
15 24 1
15 25 1
15 26 1
15 27 1
15 28 1
15 35 1
15 80 1
15 91 1
15 99 1
15 113 1
15 155 1
15 181 1
16 40 1
16 43 1
16 47 1
16 79 1
16 82 1
16 103 1
16 104 1
16 118 1
16 128 1
16 146 1
16 167 1
16 181 1
16 197 1
17 21 1
17 29 1
17 35 1
17 37 1
17 46 1
17 49 1
17 50 1
17 51 1
17 61 1
17 87 1
17 92 1
17 129 1
17 131 1
17 142 1
17 156 1
17 160 1
17 167 1
17 189 1
17 192 1
17 195 1
18 30 1
18 45 1
18 60 1
19 33 1
19 52 1
19 69 1
19 125 1
19 126 1
19 139 1
19 148 1
19 149 1
19 186 1
20 96 1
21 37 1
21 41 1
21 67 1
21 88 1
21 153 1
22 36 1
22 57 1
22 58 1
22 64 1
22 74 1
22 76 1
22 86 1
22 156 1
23 31 1
23 38 1
23 68 1
23 70 1
23 94 1
23 197 1
23 198 1
23 200 1
24 28 1
24 39 1
24 58 1
24 62 1
24 64 1
24 68 1
24 76 1
24 117 1
24 118 1
25 80 1
25 163 1
26 38 1
26 41 1
26 47 1
26 50 1
26 54 1
26 57 1
26 88 1
26 143 1
26 190 1
26 192 1
27 32 1
27 42 1
27 105 1
27 112 1
27 113 1
27 142 1
27 151 1
28 39 1
28 84 1
28 94 1
28 103 1
28 121 1
28 168 1
29 94 1
30 52 1
30 57 1
30 72 1
30 76 1
30 89 1
30 127 1
30 132 1
30 162 1
30 184 1
31 58 1
31 60 1
31 81 1
31 94 1
31 104 1
31 126 1
31 140 1
31 144 1
31 180 1
32 35 1
32 51 1
32 54 1
32 68 1
32 91 1
32 111 1
32 122 1
33 53 1
33 56 1
33 69 1
33 121 1
33 150 1
33 170 1
33 188 1
33 196 1
34 40 1
34 56 1
34 73 1
34 85 1
34 153 1
34 166 1
35 46 1
35 101 1
35 123 1
35 172 1
36 49 1
36 114 1
36 170 1
36 186 1
36 199 1
37 44 1
37 89 1
37 131 1
37 178 1
38 45 1
38 56 1
38 95 1
38 116 1
38 130 1
38 172 1
39 49 1
39 87 1
39 106 1
39 110 1
39 130 1
39 169 1
40 43 1
40 44 1
40 46 1
40 47 1
40 60 1
40 65 1
40 85 1
40 88 1
40 98 1
40 108 1
40 121 1
40 144 1
40 157 1
40 177 1
40 184 1
40 190 1
40 192 1
40 198 1
41 48 1
41 74 1
41 120 1
41 138 1
41 167 1
41 173 1
42 155 1
42 157 1
43 89 1
43 98 1
43 112 1
43 188 1
44 59 1
44 110 1
45 72 1
46 50 1
46 64 1
46 73 1
46 95 1
46 111 1
46 161 1
46 174 1
47 48 1
47 55 1
47 65 1
47 67 1
47 77 1
47 103 1
47 109 1
47 136 1
47 165 1
48 107 1
48 119 1
49 80 1
49 105 1
49 129 1
49 178 1
50 53 1
50 81 1
50 133 1
50 169 1
50 173 1
51 77 1
51 78 1
51 80 1
51 86 1
51 100 1
51 105 1
51 107 1
51 138 1
51 177 1
51 192 1
52 67 1
52 75 1
53 63 1
53 66 1
53 139 1
53 154 1
53 176 1
53 196 1
54 81 1
54 96 1
54 122 1
54 124 1
54 154 1
54 156 1
54 162 1
55 149 1
55 166 1
57 65 1
57 75 1
57 84 1
57 120 1
57 149 1
58 73 1
58 115 1
59 68 1
59 90 1
59 93 1
59 110 1
59 123 1
59 130 1
59 159 1
59 182 1
60 61 1
60 111 1
60 152 1
60 166 1
60 183 1
61 85 1
61 86 1
61 134 1
61 179 1
63 77 1
63 99 1
63 108 1
63 114 1
63 117 1
63 151 1
63 177 1
64 66 1
64 88 1
64 103 1
64 116 1
64 172 1
66 84 1
66 135 1
66 172 1
68 82 1
68 84 1
68 98 1
68 137 1
68 163 1
68 197 1
69 78 1
69 93 1
69 121 1
69 130 1
69 146 1
69 169 1
69 170 1
69 199 1
70 97 1
70 115 1
70 131 1
70 182 1
70 191 1
71 112 1
71 114 1
71 140 1
72 92 1
72 101 1
72 120 1
72 137 1
72 148 1
72 149 1
72 152 1
72 161 1
72 168 1
72 185 1
74 102 1
74 108 1
74 122 1
74 124 1
74 126 1
74 138 1
74 175 1
75 90 1
75 92 1
75 143 1
75 173 1
75 180 1
77 87 1
77 191 1
78 107 1
78 110 1
78 144 1
78 153 1
79 150 1
79 157 1
79 164 1
80 118 1
80 119 1
80 127 1
80 133 1
81 82 1
81 96 1
81 100 1
81 102 1
81 136 1
81 141 1
81 154 1
82 85 1
82 142 1
82 154 1
83 139 1
83 193 1
83 198 1
84 135 1
84 145 1
84 147 1
84 200 1
85 99 1
85 106 1
85 127 1
85 168 1
86 141 1
88 134 1
88 189 1
89 185 1
90 126 1
90 135 1
90 159 1
92 97 1
92 183 1
93 127 1
93 155 1
95 136 1
95 141 1
95 187 1
95 199 1
96 100 1
96 114 1
96 115 1
97 113 1
97 150 1
102 124 1
103 104 1
104 123 1
104 186 1
105 181 1
106 184 1
107 109 1
107 179 1
108 120 1
108 183 1
109 136 1
110 125 1
110 158 1
110 171 1
111 117 1
111 157 1
111 165 1
111 194 1
111 200 1
112 147 1
112 148 1
112 174 1
112 187 1
113 133 1
116 132 1
117 128 1
117 163 1
118 135 1
118 161 1
118 194 1
119 146 1
119 159 1
119 187 1
120 146 1
120 158 1
120 188 1
121 125 1
121 180 1
122 133 1
123 153 1
123 180 1
124 128 1
124 139 1
128 191 1
129 152 1
131 140 1
131 170 1
132 189 1
132 196 1
133 145 1
133 151 1
133 156 1
133 171 1
133 191 1
134 150 1
134 179 1
134 195 1
135 145 1
137 158 1
137 171 1
137 184 1
141 163 1
141 164 1
146 187 1
153 176 1
157 159 1
158 197 1
161 162 1
161 185 1
165 175 1
169 185 1
174 177 1
174 190 1
174 195 1
184 194 1
184 198 1
186 199 1
