// obj: 1459.0
// running_duration: 3600.100117921829
// gap: 0.02810143934201508
// obj_bound: 1500.0
// time_limit: ('TIME_LIMIT', <class 'float'>, 3600.0, 0.0, inf, inf)
// num_nodes: 500
1 1
2 1
3 1
4 2
5 2
6 1
7 2
8 2
9 2
10 2
11 2
12 1
13 2
14 1
15 1
16 2
17 1
18 2
19 1
20 1
21 2
22 1
23 1
24 1
25 1
26 2
27 2
28 2
29 2
30 1
31 1
32 2
33 2
34 2
35 1
36 1
37 2
38 2
39 2
40 1
41 1
42 2
43 1
44 1
45 1
46 2
47 1
48 2
49 1
50 2
51 2
52 2
53 2
54 2
55 2
56 1
57 2
58 1
59 2
60 2
61 1
62 1
63 1
64 1
65 2
66 1
67 2
68 2
69 2
70 1
71 1
72 1
73 2
74 2
75 1
76 2
77 2
78 2
79 1
80 2
81 2
82 2
83 2
84 1
85 2
86 1
87 1
88 1
89 1
90 1
91 1
92 2
93 1
94 1
95 1
96 2
97 2
98 1
99 2
100 2
101 1
102 1
103 2
104 1
105 1
106 1
107 2
108 1
109 1
110 1
111 1
112 1
113 1
114 2
115 1
116 2
117 2
118 1
119 2
120 2
121 2
122 2
123 2
124 1
125 2
126 1
127 2
128 2
129 1
130 1
131 2
132 2
133 1
134 1
135 1
136 2
137 1
138 2
139 1
140 1
141 1
142 1
143 1
144 1
145 2
146 1
147 1
148 2
149 2
150 1
151 1
152 1
153 2
154 2
155 1
156 1
157 1
158 1
159 2
160 1
161 2
162 1
163 1
164 1
165 1
166 1
167 2
168 2
169 1
170 1
171 2
172 1
173 2
174 1
175 2
176 1
177 1
178 2
179 2
180 1
181 1
182 2
183 1
184 2
185 2
186 1
187 2
188 2
189 2
190 1
191 2
192 1
193 2
194 1
195 1
196 2
197 1
198 1
199 2
200 2
201 2
202 1
203 2
204 2
205 1
206 2
207 2
208 2
209 2
210 1
211 2
212 2
213 2
214 2
215 2
216 2
217 1
218 1
219 2
220 2
221 2
222 2
223 1
224 1
225 2
226 1
227 1
228 2
229 1
230 2
231 2
232 2
233 2
234 1
235 2
236 1
237 1
238 1
239 1
240 1
241 1
242 2
243 1
244 2
245 1
246 1
247 2
248 2
249 1
250 1
251 2
252 2
253 1
254 1
255 1
256 2
257 2
258 1
259 1
260 1
261 1
262 1
263 2
264 1
265 1
266 1
267 1
268 1
269 1
270 1
271 1
272 2
273 2
274 2
275 2
276 1
277 1
278 2
279 2
280 1
281 2
282 2
283 2
284 2
285 2
286 2
287 1
288 2
289 2
290 1
291 1
292 2
293 2
294 2
295 2
296 2
297 1
298 2
299 2
300 2
301 2
302 1
303 2
304 2
305 2
306 1
307 2
308 1
309 1
310 1
311 2
312 2
313 2
314 1
315 1
316 1
317 1
318 2
319 1
320 1
321 2
322 1
323 2
324 1
325 2
326 2
327 1
328 2
329 2
330 2
331 2
332 2
333 1
334 2
335 2
336 2
337 2
338 1
339 1
340 1
341 2
342 2
343 2
344 1
345 1
346 2
347 1
348 2
349 1
350 1
351 1
352 2
353 2
354 2
355 1
356 2
357 1
358 2
359 2
360 2
361 2
362 2
363 2
364 1
365 1
366 1
367 2
368 2
369 1
370 1
371 2
372 1
373 2
374 1
375 1
376 2
377 2
378 2
379 1
380 2
381 1
382 2
383 2
384 1
385 2
386 2
387 2
388 1
389 1
390 2
391 2
392 1
393 2
394 2
395 1
396 2
397 2
398 2
399 1
400 1
401 2
402 1
403 1
404 2
405 2
406 2
407 2
408 1
409 2
410 2
411 2
412 2
413 2
414 1
415 1
416 1
417 2
418 2
419 2
420 1
421 2
422 2
423 2
424 1
425 2
426 1
427 1
428 2
429 2
430 1
431 2
432 2
433 2
434 1
435 2
436 2
437 2
438 1
439 1
440 1
441 2
442 2
443 1
444 1
445 2
446 1
447 2
448 2
449 2
450 1
451 2
452 1
453 2
454 1
455 1
456 2
457 1
458 2
459 2
460 1
461 2
462 2
463 1
464 1
465 1
466 1
467 1
468 1
469 2
470 1
471 1
472 1
473 2
474 2
475 2
476 1
477 1
478 2
479 1
480 1
481 1
482 1
483 2
484 1
485 1
486 2
487 1
488 2
489 1
490 2
491 2
492 1
493 2
494 1
495 2
496 2
497 2
498 1
499 1
500 2
