// obj: 575.0
// running_duration: 67.24622917175293
// gap: 0.0
// obj_bound: 575.0
// time_limit: ('TIME_LIMIT', <class 'float'>, 3600.0, 0.0, inf, inf)
// num_nodes: 200
1 2
2 2
3 1
4 2
5 1
6 1
7 1
8 2
9 2
10 1
11 2
12 2
13 1
14 1
15 2
16 2
17 1
18 1
19 2
20 2
21 1
22 1
23 1
24 1
25 2
26 1
27 1
28 2
29 2
30 2
31 1
32 2
33 1
34 1
35 2
36 1
37 1
38 2
39 1
40 1
41 1
42 2
43 2
44 2
45 2
46 1
47 1
48 1
49 1
50 1
51 2
52 2
53 1
54 1
55 1
56 2
57 1
58 1
59 1
60 2
61 2
62 1
63 2
64 1
65 2
66 1
67 1
68 2
69 1
70 2
71 1
72 1
73 2
74 2
75 2
76 1
77 2
78 2
79 1
80 1
81 2
82 2
83 2
84 1
85 1
86 2
87 2
88 1
89 1
90 2
91 2
92 2
93 2
94 2
95 2
96 2
97 2
98 1
99 2
100 2
101 2
102 1
103 2
104 1
105 2
106 1
107 1
108 2
109 2
110 2
111 2
112 1
113 2
114 2
115 1
116 1
117 2
118 2
119 2
120 1
121 2
122 1
123 1
124 1
125 2
126 1
127 1
128 1
129 2
130 2
131 1
132 1
133 1
134 2
135 1
136 1
137 1
138 2
139 1
140 2
141 2
142 1
143 1
144 2
145 2
146 2
147 2
148 1
149 2
150 1
151 1
152 1
153 2
154 1
155 1
156 2
157 2
158 2
159 1
160 1
161 1
162 2
163 1
164 2
165 2
166 1
167 1
168 1
169 2
170 1
171 1
172 2
173 2
174 2
175 2
176 1
177 1
178 2
179 2
180 2
181 2
182 2
183 2
184 2
185 1
186 1
187 2
188 2
189 2
190 2
191 1
192 2
193 1
194 1
195 1
196 1
197 2
198 2
199 1
200 1
