// obj: 874.0
// running_duration: 880.2332491874695
// gap: 0.0
// obj_bound: 874.0
// time_limit: ('TIME_LIMIT', <class 'float'>, 3600.0, 0.0, inf, inf)
// num_nodes: 300
1 1
2 2
3 2
4 1
5 1
6 2
7 2
8 1
9 2
10 1
11 2
12 2
13 2
14 1
15 1
16 2
17 1
18 1
19 2
20 2
21 1
22 2
23 1
24 2
25 1
26 1
27 1
28 2
29 1
30 2
31 1
32 1
33 2
34 1
35 1
36 1
37 2
38 1
39 1
40 2
41 1
42 2
43 1
44 1
45 2
46 1
47 2
48 1
49 2
50 2
51 1
52 1
53 1
54 1
55 1
56 1
57 1
58 2
59 2
60 2
61 1
62 2
63 2
64 2
65 2
66 1
67 1
68 2
69 1
70 1
71 2
72 2
73 2
74 1
75 2
76 2
77 1
78 2
79 1
80 1
81 2
82 1
83 1
84 2
85 1
86 1
87 1
88 2
89 1
90 2
91 2
92 2
93 2
94 1
95 1
96 2
97 1
98 1
99 1
100 1
101 2
102 2
103 1
104 2
105 2
106 2
107 1
108 2
109 2
110 1
111 1
112 1
113 1
114 1
115 1
116 1
117 2
118 2
119 2
120 2
121 2
122 1
123 1
124 2
125 1
126 1
127 2
128 2
129 2
130 2
131 2
132 1
133 1
134 2
135 1
136 1
137 2
138 2
139 2
140 1
141 2
142 2
143 1
144 1
145 1
146 2
147 1
148 2
149 1
150 1
151 1
152 2
153 2
154 1
155 1
156 2
157 1
158 1
159 1
160 1
161 2
162 1
163 1
164 2
165 1
166 1
167 2
168 1
169 2
170 2
171 1
172 1
173 1
174 2
175 1
176 1
177 1
178 2
179 2
180 1
181 2
182 2
183 1
184 2
185 2
186 1
187 2
188 1
189 2
190 2
191 1
192 1
193 2
194 2
195 2
196 2
197 1
198 1
199 1
200 1
201 2
202 2
203 2
204 1
205 1
206 2
207 2
208 2
209 2
210 1
211 2
212 1
213 2
214 1
215 2
216 1
217 2
218 2
219 1
220 1
221 2
222 1
223 2
224 2
225 1
226 2
227 1
228 1
229 1
230 2
231 1
232 1
233 1
234 1
235 2
236 2
237 2
238 2
239 1
240 1
241 2
242 1
243 2
244 1
245 1
246 2
247 1
248 2
249 2
250 1
251 2
252 1
253 2
254 1
255 1
256 1
257 1
258 2
259 1
260 2
261 2
262 1
263 1
264 2
265 1
266 2
267 1
268 1
269 2
270 1
271 2
272 2
273 2
274 1
275 2
276 1
277 1
278 2
279 1
280 1
281 2
282 1
283 2
284 2
285 1
286 2
287 2
288 1
289 1
290 1
291 1
292 1
293 1
294 2
295 1
296 2
297 1
298 1
299 1
300 1
