// obj: 870.0
// running_duration: 1272.0119769573212
// gap: 0.0
// obj_bound: 870.0
// time_limit: ('TIME_LIMIT', <class 'float'>, 3600.0, 0.0, inf, inf)
// num_nodes: 300
1 1
2 2
3 2
4 1
5 1
6 2
7 1
8 1
9 1
10 2
11 1
12 2
13 2
14 2
15 1
16 1
17 2
18 2
19 2
20 1
21 2
22 1
23 2
24 2
25 1
26 2
27 1
28 2
29 2
30 1
31 1
32 1
33 1
34 1
35 1
36 2
37 1
38 2
39 1
40 2
41 2
42 1
43 1
44 1
45 1
46 2
47 1
48 2
49 2
50 1
51 2
52 1
53 1
54 1
55 1
56 2
57 1
58 1
59 2
60 1
61 1
62 2
63 1
64 2
65 2
66 2
67 2
68 2
69 2
70 1
71 1
72 1
73 2
74 1
75 1
76 1
77 1
78 2
79 1
80 2
81 1
82 1
83 2
84 2
85 1
86 1
87 2
88 1
89 1
90 2
91 2
92 2
93 1
94 2
95 1
96 2
97 1
98 1
99 1
100 2
101 2
102 1
103 2
104 2
105 1
106 2
107 2
108 2
109 1
110 2
111 1
112 2
113 2
114 2
115 1
116 1
117 1
118 2
119 2
120 1
121 2
122 1
123 2
124 2
125 1
126 2
127 1
128 2
129 2
130 1
131 1
132 1
133 2
134 1
135 2
136 1
137 1
138 1
139 2
140 2
141 1
142 2
143 1
144 2
145 2
146 2
147 1
148 1
149 2
150 1
151 1
152 2
153 1
154 1
155 2
156 1
157 2
158 2
159 1
160 1
161 1
162 1
163 2
164 1
165 2
166 2
167 1
168 2
169 1
170 2
171 1
172 2
173 2
174 2
175 2
176 1
177 1
178 1
179 1
180 2
181 1
182 2
183 2
184 1
185 1
186 1
187 1
188 1
189 1
190 2
191 1
192 2
193 1
194 1
195 1
196 1
197 2
198 2
199 2
200 2
201 1
202 1
203 2
204 2
205 2
206 1
207 1
208 2
209 2
210 1
211 2
212 2
213 1
214 2
215 1
216 2
217 2
218 1
219 2
220 2
221 1
222 1
223 1
224 2
225 1
226 1
227 2
228 1
229 2
230 2
231 1
232 1
233 2
234 1
235 1
236 2
237 1
238 1
239 1
240 2
241 1
242 2
243 1
244 2
245 1
246 1
247 2
248 2
249 1
250 2
251 2
252 1
253 1
254 1
255 2
256 2
257 2
258 1
259 2
260 2
261 2
262 2
263 2
264 1
265 2
266 1
267 1
268 1
269 2
270 2
271 2
272 2
273 1
274 2
275 1
276 2
277 1
278 1
279 1
280 1
281 2
282 1
283 2
284 2
285 2
286 2
287 2
288 1
289 2
290 1
291 2
292 1
293 2
294 2
295 1
296 1
297 2
298 2
299 2
300 1
