// obj: 581.0
// running_duration: 49.047571897506714
// gap: 0.0
// obj_bound: 581.0
// time_limit: ('TIME_LIMIT', <class 'float'>, 3600.0, 0.0, inf, inf)
// num_nodes: 200
1 1
2 1
3 1
4 1
5 2
6 2
7 1
8 2
9 1
10 1
11 2
12 1
13 1
14 2
15 2
16 2
17 2
18 1
19 1
20 1
21 2
22 2
23 1
24 1
25 2
26 2
27 2
28 2
29 1
30 2
31 2
32 2
33 2
34 1
35 1
36 1
37 2
38 2
39 1
40 2
41 1
42 1
43 1
44 2
45 1
46 2
47 2
48 2
49 1
50 2
51 2
52 1
53 1
54 1
55 2
56 2
57 1
58 2
59 1
60 1
61 1
62 2
63 1
64 1
65 1
66 1
67 1
68 1
69 2
70 2
71 1
72 2
73 2
74 1
75 1
76 1
77 1
78 2
79 2
80 2
81 2
82 1
83 2
84 2
85 1
86 1
87 2
88 1
89 2
90 2
91 2
92 1
93 1
94 1
95 1
96 1
97 2
98 2
99 2
100 2
101 2
102 1
103 1
104 1
105 1
106 1
107 1
108 1
109 1
110 1
111 1
112 1
113 2
114 2
115 1
116 2
117 2
118 2
119 1
120 2
121 2
122 1
123 1
124 2
125 2
126 2
127 2
128 1
129 2
130 1
131 2
132 1
133 2
134 2
135 1
136 2
137 1
138 2
139 1
140 2
141 2
142 1
143 2
144 1
145 2
146 1
147 1
148 1
149 1
150 1
151 2
152 2
153 2
154 2
155 2
156 2
157 2
158 2
159 2
160 1
161 2
162 1
163 2
164 2
165 1
166 2
167 2
168 1
169 1
170 2
171 1
172 2
173 2
174 1
175 2
176 2
177 2
178 1
179 1
180 2
181 1
182 1
183 1
184 2
185 2
186 1
187 1
188 2
189 2
190 2
191 2
192 1
193 1
194 2
195 1
196 2
197 1
198 2
199 2
200 2
