// obj: 874.0
// running_duration: 770.3472650051117
// gap: 0.0
// obj_bound: 874.0
// time_limit: ('TIME_LIMIT', <class 'float'>, 3600.0, 0.0, inf, inf)
// num_nodes: 300
1 2
2 1
3 1
4 2
5 2
6 2
7 1
8 1
9 1
10 2
11 1
12 2
13 2
14 2
15 2
16 2
17 2
18 2
19 2
20 2
21 1
22 2
23 1
24 1
25 1
26 2
27 2
28 2
29 2
30 2
31 1
32 2
33 2
34 1
35 2
36 2
37 1
38 2
39 1
40 1
41 2
42 2
43 2
44 1
45 1
46 1
47 1
48 1
49 2
50 2
51 1
52 1
53 2
54 1
55 2
56 1
57 1
58 1
59 2
60 2
61 2
62 1
63 2
64 2
65 1
66 1
67 2
68 1
69 1
70 2
71 2
72 2
73 2
74 2
75 1
76 1
77 2
78 1
79 1
80 2
81 1
82 1
83 2
84 1
85 2
86 1
87 2
88 1
89 1
90 1
91 1
92 1
93 2
94 2
95 2
96 1
97 2
98 2
99 1
100 2
101 1
102 1
103 1
104 1
105 1
106 2
107 1
108 2
109 2
110 2
111 2
112 2
113 1
114 1
115 1
116 2
117 1
118 1
119 1
120 2
121 2
122 1
123 1
124 1
125 1
126 2
127 2
128 1
129 2
130 1
131 1
132 2
133 2
134 2
135 2
136 2
137 1
138 1
139 2
140 2
141 1
142 1
143 2
144 2
145 2
146 2
147 2
148 1
149 1
150 1
151 2
152 1
153 1
154 1
155 1
156 1
157 1
158 2
159 1
160 2
161 2
162 2
163 1
164 2
165 1
166 1
167 1
168 1
169 1
170 1
171 2
172 1
173 2
174 1
175 2
176 2
177 1
178 2
179 1
180 1
181 1
182 1
183 2
184 1
185 1
186 1
187 2
188 2
189 1
190 1
191 2
192 2
193 1
194 1
195 1
196 1
197 1
198 2
199 1
200 2
201 1
202 2
203 2
204 2
205 1
206 1
207 1
208 1
209 2
210 2
211 1
212 1
213 1
214 1
215 2
216 1
217 1
218 2
219 2
220 1
221 2
222 2
223 1
224 1
225 1
226 2
227 2
228 2
229 1
230 2
231 2
232 2
233 1
234 1
235 2
236 1
237 2
238 2
239 2
240 2
241 1
242 1
243 1
244 1
245 1
246 1
247 1
248 1
249 1
250 1
251 2
252 1
253 1
254 1
255 2
256 1
257 2
258 1
259 1
260 2
261 2
262 2
263 1
264 1
265 1
266 2
267 1
268 2
269 2
270 1
271 1
272 1
273 1
274 2
275 1
276 2
277 2
278 1
279 2
280 2
281 1
282 2
283 2
284 1
285 1
286 1
287 1
288 2
289 1
290 2
291 1
292 2
293 1
294 2
295 1
296 1
297 1
298 1
299 2
300 2
