// obj: 1175.0
// running_duration: 3083.6830430030823
// gap: 0.0
// obj_bound: 1175.0
// time_limit: ('TIME_LIMIT', <class 'float'>, 3600.0, 0.0, inf, inf)
// num_nodes: 400
1 2
2 2
3 2
4 1
5 1
6 1
7 2
8 2
9 1
10 2
11 1
12 1
13 2
14 1
15 2
16 1
17 1
18 1
19 1
20 2
21 2
22 2
23 1
24 1
25 2
26 1
27 1
28 2
29 2
30 2
31 1
32 2
33 2
34 1
35 2
36 2
37 1
38 2
39 1
40 1
41 2
42 1
43 2
44 2
45 2
46 2
47 2
48 1
49 2
50 2
51 1
52 2
53 2
54 1
55 2
56 1
57 1
58 2
59 1
60 2
61 2
62 1
63 1
64 1
65 2
66 2
67 2
68 1
69 2
70 2
71 1
72 2
73 1
74 2
75 2
76 2
77 1
78 2
79 1
80 1
81 1
82 1
83 2
84 2
85 1
86 1
87 2
88 1
89 1
90 2
91 2
92 2
93 1
94 2
95 1
96 1
97 2
98 2
99 2
100 1
101 2
102 1
103 2
104 1
105 1
106 1
107 2
108 2
109 2
110 2
111 1
112 2
113 2
114 1
115 2
116 1
117 2
118 1
119 2
120 2
121 1
122 2
123 2
124 1
125 1
126 2
127 1
128 2
129 1
130 2
131 2
132 1
133 1
134 1
135 2
136 2
137 2
138 1
139 1
140 1
141 2
142 1
143 2
144 1
145 1
146 2
147 1
148 1
149 2
150 1
151 1
152 1
153 2
154 1
155 2
156 1
157 2
158 2
159 1
160 1
161 2
162 1
163 1
164 1
165 2
166 1
167 1
168 2
169 1
170 1
171 2
172 1
173 1
174 1
175 1
176 1
177 2
178 1
179 2
180 2
181 2
182 1
183 1
184 1
185 1
186 2
187 1
188 1
189 1
190 2
191 2
192 1
193 1
194 1
195 1
196 2
197 1
198 1
199 1
200 1
201 2
202 1
203 1
204 1
205 2
206 1
207 2
208 1
209 2
210 2
211 2
212 1
213 2
214 2
215 2
216 1
217 2
218 2
219 2
220 2
221 1
222 1
223 2
224 2
225 1
226 1
227 1
228 1
229 2
230 2
231 1
232 2
233 1
234 2
235 1
236 2
237 2
238 1
239 1
240 1
241 1
242 1
243 2
244 1
245 2
246 2
247 2
248 1
249 1
250 2
251 2
252 2
253 2
254 2
255 1
256 2
257 1
258 2
259 1
260 1
261 2
262 2
263 1
264 1
265 1
266 2
267 2
268 1
269 2
270 2
271 1
272 1
273 1
274 2
275 1
276 1
277 2
278 2
279 1
280 1
281 1
282 1
283 1
284 1
285 1
286 2
287 2
288 1
289 1
290 1
291 2
292 1
293 1
294 1
295 1
296 1
297 2
298 1
299 2
300 2
301 2
302 2
303 1
304 2
305 1
306 2
307 1
308 1
309 1
310 1
311 1
312 2
313 2
314 1
315 1
316 1
317 1
318 1
319 2
320 2
321 1
322 1
323 1
324 2
325 1
326 2
327 1
328 2
329 1
330 1
331 2
332 1
333 2
334 1
335 1
336 2
337 2
338 2
339 1
340 2
341 1
342 2
343 1
344 1
345 2
346 2
347 1
348 2
349 2
350 1
351 2
352 2
353 2
354 1
355 2
356 1
357 1
358 2
359 1
360 2
361 1
362 2
363 1
364 1
365 2
366 1
367 2
368 2
369 2
370 1
371 1
372 1
373 1
374 1
375 1
376 2
377 1
378 1
379 1
380 1
381 1
382 2
383 2
384 2
385 1
386 1
387 1
388 1
389 1
390 2
391 2
392 1
393 2
394 1
395 2
396 2
397 2
398 2
399 1
400 1
