// obj: 581.0
// running_duration: 55.01410102844238
// gap: 0.0
// obj_bound: 581.0
// time_limit: ('TIME_LIMIT', <class 'float'>, 3600.0, 0.0, inf, inf)
// num_nodes: 200
1 1
2 2
3 2
4 2
5 1
6 1
7 1
8 2
9 1
10 1
11 2
12 1
13 2
14 2
15 1
16 2
17 2
18 2
19 1
20 2
21 2
22 2
23 2
24 1
25 2
26 1
27 2
28 1
29 2
30 2
31 1
32 2
33 1
34 1
35 1
36 1
37 2
38 2
39 2
40 2
41 1
42 1
43 2
44 1
45 1
46 2
47 1
48 2
49 2
50 1
51 1
52 1
53 2
54 1
55 1
56 1
57 2
58 2
59 1
60 1
61 1
62 2
63 2
64 2
65 2
66 1
67 2
68 2
69 1
70 2
71 2
72 1
73 1
74 1
75 2
76 2
77 2
78 2
79 2
80 2
81 1
82 1
83 2
84 1
85 1
86 1
87 2
88 2
89 1
90 1
91 2
92 1
93 1
94 2
95 1
96 2
97 1
98 1
99 1
100 1
101 1
102 1
103 1
104 1
105 1
106 2
107 1
108 2
109 2
110 2
111 1
112 2
113 1
114 2
115 2
116 2
117 1
118 1
119 2
120 1
121 1
122 1
123 2
124 1
125 2
126 1
127 2
128 1
129 1
130 2
131 2
132 2
133 2
134 1
135 1
136 2
137 1
138 2
139 1
140 1
141 2
142 1
143 2
144 2
145 1
146 2
147 1
148 2
149 2
150 1
151 2
152 2
153 1
154 2
155 2
156 2
157 1
158 1
159 1
160 2
161 2
162 1
163 2
164 2
165 2
166 2
167 1
168 2
169 1
170 1
171 2
172 1
173 1
174 1
175 1
176 2
177 1
178 2
179 1
180 1
181 2
182 2
183 1
184 2
185 2
186 1
187 2
188 2
189 2
190 2
191 1
192 2
193 2
194 1
195 1
196 2
197 1
198 1
199 2
200 1
