// obj: 1174.0
// running_duration: 2278.189726829529
// gap: 0.0
// obj_bound: 1174.0
// time_limit: ('TIME_LIMIT', <class 'float'>, 3600.0, 0.0, inf, inf)
// num_nodes: 400
1 1
2 2
3 2
4 1
5 1
6 1
7 2
8 1
9 2
10 2
11 2
12 1
13 1
14 1
15 2
16 1
17 2
18 2
19 2
20 2
21 2
22 1
23 2
24 1
25 2
26 1
27 2
28 2
29 2
30 1
31 1
32 1
33 1
34 2
35 2
36 1
37 2
38 2
39 2
40 2
41 1
42 2
43 1
44 1
45 1
46 2
47 2
48 2
49 1
50 1
51 2
52 2
53 1
54 1
55 2
56 2
57 1
58 1
59 1
60 2
61 2
62 2
63 2
64 2
65 1
66 1
67 1
68 1
69 2
70 2
71 1
72 2
73 2
74 1
75 2
76 1
77 2
78 2
79 2
80 1
81 2
82 1
83 2
84 1
85 2
86 1
87 1
88 2
89 2
90 2
91 1
92 2
93 1
94 2
95 1
96 2
97 2
98 1
99 2
100 2
101 2
102 2
103 2
104 1
105 2
106 1
107 2
108 2
109 1
110 1
111 1
112 1
113 1
114 1
115 2
116 2
117 2
118 1
119 2
120 2
121 1
122 2
123 1
124 1
125 2
126 2
127 2
128 2
129 1
130 1
131 2
132 2
133 1
134 1
135 1
136 1
137 2
138 1
139 2
140 2
141 1
142 2
143 2
144 2
145 2
146 1
147 2
148 2
149 1
150 1
151 2
152 1
153 2
154 1
155 1
156 2
157 2
158 1
159 2
160 1
161 1
162 1
163 1
164 2
165 2
166 2
167 1
168 1
169 2
170 1
171 2
172 1
173 1
174 2
175 1
176 2
177 1
178 1
179 1
180 1
181 1
182 2
183 2
184 1
185 1
186 1
187 1
188 1
189 2
190 1
191 1
192 2
193 1
194 2
195 1
196 2
197 2
198 1
199 1
200 1
201 2
202 1
203 1
204 2
205 2
206 2
207 1
208 2
209 1
210 1
211 1
212 2
213 1
214 1
215 2
216 2
217 2
218 1
219 1
220 1
221 2
222 1
223 1
224 2
225 1
226 2
227 2
228 1
229 1
230 1
231 1
232 1
233 2
234 2
235 1
236 1
237 1
238 1
239 2
240 1
241 1
242 2
243 2
244 1
245 1
246 1
247 2
248 1
249 2
250 2
251 2
252 2
253 1
254 2
255 2
256 2
257 1
258 1
259 2
260 2
261 1
262 1
263 2
264 1
265 2
266 1
267 1
268 1
269 1
270 2
271 2
272 1
273 2
274 1
275 1
276 1
277 2
278 1
279 2
280 1
281 1
282 2
283 1
284 1
285 1
286 1
287 1
288 2
289 1
290 1
291 1
292 2
293 1
294 1
295 2
296 1
297 1
298 2
299 1
300 2
301 2
302 2
303 2
304 2
305 2
306 1
307 2
308 1
309 1
310 2
311 1
312 2
313 2
314 2
315 1
316 1
317 1
318 2
319 1
320 2
321 1
322 2
323 1
324 1
325 1
326 2
327 1
328 2
329 1
330 2
331 1
332 1
333 2
334 2
335 1
336 1
337 2
338 2
339 1
340 1
341 1
342 1
343 1
344 1
345 2
346 2
347 1
348 1
349 2
350 2
351 2
352 2
353 1
354 1
355 2
356 2
357 2
358 1
359 1
360 1
361 2
362 2
363 1
364 1
365 1
366 2
367 1
368 1
369 1
370 2
371 1
372 1
373 1
374 1
375 1
376 1
377 1
378 2
379 2
380 1
381 2
382 2
383 2
384 2
385 1
386 1
387 1
388 1
389 1
390 1
391 2
392 2
393 1
394 1
395 2
396 1
397 1
398 2
399 2
400 1
