// obj: 874.0
// running_duration: 453.12803387641907
// gap: 0.0
// obj_bound: 874.0
// time_limit: ('TIME_LIMIT', <class 'float'>, 3600.0, 0.0, inf, inf)
// num_nodes: 300
1 2
2 2
3 1
4 1
5 2
6 1
7 2
8 2
9 2
10 1
11 1
12 2
13 1
14 2
15 1
16 1
17 2
18 2
19 1
20 1
21 2
22 1
23 1
24 1
25 2
26 1
27 1
28 2
29 1
30 2
31 1
32 1
33 2
34 2
35 1
36 1
37 2
38 1
39 1
40 1
41 1
42 1
43 2
44 1
45 1
46 1
47 1
48 2
49 2
50 1
51 1
52 1
53 2
54 1
55 1
56 1
57 1
58 2
59 1
60 1
61 1
62 1
63 1
64 2
65 1
66 2
67 2
68 2
69 2
70 2
71 2
72 1
73 2
74 1
75 2
76 2
77 1
78 2
79 2
80 1
81 2
82 1
83 2
84 1
85 2
86 2
87 1
88 1
89 1
90 2
91 2
92 2
93 1
94 1
95 2
96 2
97 1
98 2
99 1
100 2
101 1
102 2
103 2
104 2
105 1
106 1
107 2
108 2
109 2
110 2
111 2
112 1
113 2
114 1
115 1
116 2
117 2
118 2
119 1
120 1
121 1
122 2
123 2
124 2
125 2
126 1
127 1
128 1
129 1
130 2
131 2
132 1
133 1
134 1
135 1
136 2
137 2
138 2
139 1
140 1
141 2
142 1
143 2
144 2
145 2
146 2
147 1
148 2
149 1
150 1
151 1
152 1
153 1
154 2
155 2
156 2
157 1
158 1
159 1
160 1
161 1
162 2
163 2
164 2
165 1
166 2
167 1
168 2
169 1
170 2
171 2
172 2
173 2
174 2
175 2
176 1
177 2
178 1
179 1
180 2
181 1
182 2
183 1
184 2
185 1
186 2
187 2
188 1
189 2
190 1
191 1
192 2
193 1
194 1
195 1
196 2
197 1
198 2
199 2
200 2
201 1
202 2
203 2
204 2
205 1
206 2
207 1
208 1
209 2
210 1
211 2
212 1
213 2
214 1
215 2
216 2
217 1
218 2
219 2
220 2
221 2
222 2
223 2
224 2
225 1
226 2
227 1
228 2
229 1
230 2
231 1
232 2
233 1
234 1
235 1
236 1
237 2
238 1
239 1
240 1
241 1
242 2
243 2
244 2
245 2
246 1
247 1
248 1
249 2
250 1
251 2
252 2
253 1
254 1
255 2
256 1
257 2
258 2
259 2
260 1
261 1
262 1
263 2
264 1
265 1
266 2
267 1
268 1
269 1
270 1
271 2
272 1
273 1
274 1
275 1
276 2
277 1
278 1
279 2
280 1
281 2
282 2
283 2
284 1
285 2
286 1
287 2
288 2
289 1
290 1
291 2
292 2
293 2
294 2
295 2
296 2
297 2
298 2
299 1
300 1
