// obj: 1462.0
// running_duration: 3600.124140024185
// gap: 0.025991792065663474
// obj_bound: 1500.0
// time_limit: ('TIME_LIMIT', <class 'float'>, 3600.0, 0.0, inf, inf)
// num_nodes: 500
1 2
2 2
3 2
4 2
5 1
6 2
7 1
8 1
9 2
10 1
11 2
12 1
13 1
14 2
15 2
16 1
17 1
18 2
19 1
20 1
21 1
22 1
23 2
24 2
25 2
26 2
27 1
28 2
29 1
30 2
31 1
32 2
33 1
34 2
35 2
36 2
37 2
38 2
39 2
40 2
41 2
42 1
43 2
44 1
45 1
46 2
47 1
48 2
49 2
50 2
51 2
52 1
53 1
54 2
55 2
56 1
57 2
58 1
59 1
60 1
61 2
62 1
63 2
64 1
65 1
66 1
67 1
68 2
69 1
70 2
71 2
72 2
73 1
74 2
75 2
76 2
77 1
78 2
79 1
80 1
81 1
82 2
83 1
84 1
85 2
86 2
87 1
88 2
89 1
90 2
91 2
92 1
93 2
94 1
95 1
96 1
97 2
98 1
99 1
100 2
101 1
102 1
103 2
104 2
105 2
106 2
107 1
108 2
109 2
110 2
111 1
112 1
113 2
114 2
115 2
116 1
117 1
118 2
119 1
120 1
121 1
122 2
123 1
124 1
125 1
126 1
127 2
128 1
129 1
130 2
131 1
132 1
133 2
134 1
135 2
136 2
137 2
138 1
139 1
140 2
141 2
142 2
143 1
144 2
145 1
146 1
147 1
148 1
149 1
150 1
151 2
152 1
153 2
154 2
155 1
156 2
157 2
158 2
159 1
160 2
161 2
162 2
163 1
164 2
165 1
166 2
167 2
168 1
169 1
170 2
171 1
172 1
173 2
174 2
175 1
176 1
177 2
178 2
179 2
180 2
181 2
182 1
183 2
184 1
185 2
186 2
187 1
188 2
189 1
190 2
191 2
192 1
193 1
194 1
195 1
196 2
197 1
198 1
199 2
200 1
201 1
202 1
203 1
204 1
205 1
206 2
207 1
208 1
209 1
210 1
211 2
212 1
213 2
214 1
215 2
216 2
217 1
218 2
219 1
220 1
221 1
222 1
223 2
224 1
225 1
226 2
227 2
228 1
229 2
230 1
231 1
232 1
233 2
234 1
235 1
236 1
237 2
238 2
239 1
240 1
241 1
242 1
243 1
244 2
245 2
246 1
247 2
248 1
249 1
250 2
251 1
252 1
253 2
254 2
255 2
256 2
257 1
258 2
259 2
260 2
261 1
262 1
263 2
264 2
265 1
266 1
267 2
268 2
269 2
270 1
271 1
272 2
273 2
274 2
275 1
276 2
277 1
278 2
279 2
280 1
281 1
282 1
283 2
284 1
285 2
286 1
287 1
288 1
289 1
290 2
291 1
292 2
293 1
294 2
295 1
296 1
297 2
298 2
299 1
300 2
301 2
302 2
303 1
304 1
305 1
306 2
307 2
308 2
309 1
310 2
311 1
312 1
313 2
314 2
315 2
316 1
317 2
318 1
319 1
320 1
321 1
322 2
323 2
324 2
325 2
326 2
327 1
328 1
329 1
330 1
331 2
332 2
333 1
334 1
335 2
336 1
337 1
338 2
339 2
340 1
341 2
342 1
343 2
344 1
345 2
346 1
347 2
348 1
349 1
350 2
351 2
352 1
353 2
354 1
355 2
356 2
357 1
358 1
359 1
360 2
361 1
362 2
363 2
364 2
365 2
366 1
367 2
368 1
369 2
370 2
371 2
372 1
373 2
374 1
375 2
376 1
377 2
378 1
379 2
380 2
381 2
382 2
383 1
384 1
385 2
386 1
387 2
388 2
389 1
390 2
391 2
392 2
393 2
394 1
395 1
396 2
397 1
398 2
399 1
400 2
401 2
402 1
403 1
404 1
405 2
406 1
407 2
408 1
409 2
410 2
411 1
412 1
413 2
414 1
415 1
416 2
417 1
418 1
419 2
420 2
421 1
422 2
423 1
424 1
425 1
426 1
427 2
428 2
429 2
430 1
431 2
432 2
433 2
434 1
435 2
436 1
437 2
438 1
439 1
440 2
441 2
442 1
443 1
444 1
445 1
446 2
447 2
448 1
449 1
450 1
451 1
452 1
453 2
454 2
455 1
456 1
457 1
458 2
459 1
460 2
461 1
462 2
463 2
464 2
465 2
466 1
467 2
468 1
469 2
470 2
471 1
472 1
473 1
474 2
475 1
476 1
477 2
478 2
479 2
480 2
481 2
482 1
483 1
484 2
485 1
486 1
487 1
488 1
489 2
490 2
491 2
492 2
493 1
494 1
495 1
496 1
497 2
498 2
499 2
500 1
