// obj: 285.0
// running_duration: 0.32339000701904297
// gap: 0.0
// obj_bound: 285.0
// time_limit: ('TIME_LIMIT', <class 'float'>, 3600.0, 0.0, inf, inf)
// num_nodes: 100
1 1
2 1
3 1
4 1
5 2
6 2
7 1
8 2
9 2
10 1
11 1
12 2
13 1
14 2
15 2
16 2
17 2
18 1
19 1
20 1
21 1
22 2
23 2
24 1
25 2
26 2
27 2
28 2
29 1
30 1
31 1
32 1
33 1
34 1
35 1
36 2
37 1
38 1
39 2
40 2
41 2
42 2
43 2
44 2
45 2
46 2
47 2
48 1
49 2
50 1
51 2
52 2
53 2
54 1
55 1
56 1
57 2
58 1
59 1
60 1
61 2
62 2
63 1
64 1
65 2
66 2
67 2
68 2
69 1
70 1
71 1
72 2
73 2
74 1
75 2
76 2
77 2
78 2
79 2
80 1
81 1
82 2
83 1
84 2
85 1
86 2
87 2
88 2
89 1
90 2
91 1
92 2
93 2
94 2
95 1
96 1
97 2
98 2
99 1
100 1
