// obj: 881.0
// running_duration: 366.8850510120392
// gap: 0.0
// obj_bound: 881.0
// time_limit: ('TIME_LIMIT', <class 'float'>, 3600.0, 0.0, inf, inf)
// num_nodes: 300
1 1
2 2
3 2
4 2
5 1
6 2
7 1
8 1
9 2
10 1
11 1
12 2
13 2
14 1
15 2
16 1
17 1
18 1
19 1
20 1
21 2
22 1
23 1
24 2
25 1
26 2
27 2
28 1
29 2
30 2
31 1
32 2
33 1
34 1
35 1
36 2
37 2
38 1
39 2
40 2
41 1
42 2
43 1
44 1
45 2
46 1
47 2
48 2
49 1
50 2
51 2
52 2
53 2
54 2
55 1
56 2
57 2
58 2
59 1
60 2
61 1
62 2
63 2
64 1
65 1
66 1
67 1
68 1
69 2
70 1
71 2
72 2
73 2
74 1
75 2
76 1
77 1
78 2
79 1
80 2
81 2
82 1
83 1
84 2
85 1
86 1
87 1
88 2
89 1
90 1
91 2
92 2
93 1
94 2
95 2
96 1
97 1
98 1
99 1
100 2
101 1
102 2
103 1
104 2
105 1
106 1
107 1
108 2
109 2
110 1
111 2
112 2
113 1
114 2
115 1
116 2
117 1
118 1
119 1
120 1
121 1
122 1
123 2
124 1
125 2
126 2
127 1
128 2
129 2
130 2
131 2
132 2
133 1
134 2
135 1
136 2
137 1
138 1
139 1
140 2
141 2
142 1
143 2
144 1
145 2
146 1
147 1
148 2
149 1
150 2
151 1
152 1
153 2
154 1
155 1
156 1
157 2
158 2
159 2
160 2
161 1
162 1
163 1
164 1
165 2
166 1
167 1
168 2
169 2
170 2
171 2
172 1
173 2
174 1
175 2
176 1
177 2
178 1
179 1
180 1
181 2
182 2
183 1
184 2
185 2
186 1
187 2
188 2
189 1
190 2
191 1
192 1
193 2
194 2
195 1
196 2
197 2
198 1
199 1
200 2
201 1
202 2
203 1
204 2
205 2
206 2
207 1
208 2
209 2
210 2
211 1
212 2
213 1
214 1
215 2
216 1
217 1
218 2
219 2
220 2
221 1
222 1
223 1
224 2
225 2
226 2
227 2
228 2
229 2
230 2
231 1
232 1
233 1
234 2
235 1
236 1
237 1
238 2
239 1
240 1
241 1
242 1
243 1
244 2
245 1
246 2
247 1
248 1
249 2
250 2
251 2
252 1
253 2
254 1
255 2
256 2
257 2
258 2
259 1
260 1
261 2
262 1
263 2
264 1
265 1
266 1
267 1
268 1
269 2
270 1
271 2
272 1
273 1
274 1
275 1
276 2
277 1
278 2
279 2
280 1
281 2
282 1
283 1
284 2
285 1
286 1
287 1
288 2
289 2
290 2
291 1
292 2
293 2
294 1
295 1
296 2
297 2
298 2
299 1
300 1
