// obj: 1467.0
// running_duration: 3600.0305240154266
// gap: 0.032038173142467624
// obj_bound: 1514.0
// time_limit: ('TIME_LIMIT', <class 'float'>, 3600.0, 0.0, inf, inf)
// num_nodes: 500
1 2
2 2
3 1
4 2
5 1
6 1
7 1
8 2
9 1
10 1
11 1
12 2
13 1
14 1
15 2
16 2
17 2
18 1
19 2
20 1
21 2
22 1
23 1
24 1
25 2
26 2
27 1
28 2
29 2
30 1
31 2
32 1
33 2
34 1
35 2
36 2
37 1
38 2
39 1
40 2
41 1
42 1
43 1
44 2
45 1
46 2
47 1
48 2
49 1
50 1
51 1
52 2
53 2
54 2
55 2
56 2
57 2
58 2
59 2
60 2
61 1
62 2
63 1
64 1
65 2
66 2
67 1
68 2
69 1
70 2
71 2
72 1
73 2
74 1
75 2
76 2
77 1
78 1
79 1
80 2
81 2
82 1
83 1
84 1
85 2
86 1
87 1
88 1
89 2
90 1
91 2
92 1
93 1
94 2
95 2
96 2
97 2
98 1
99 1
100 1
101 1
102 1
103 1
104 1
105 2
106 1
107 1
108 1
109 1
110 2
111 1
112 2
113 1
114 1
115 2
116 1
117 2
118 1
119 2
120 2
121 2
122 1
123 1
124 2
125 1
126 2
127 2
128 1
129 2
130 2
131 1
132 1
133 2
134 1
135 1
136 1
137 1
138 1
139 1
140 2
141 1
142 1
143 2
144 2
145 1
146 1
147 2
148 1
149 1
150 2
151 2
152 2
153 2
154 1
155 2
156 2
157 2
158 1
159 1
160 2
161 1
162 2
163 2
164 2
165 2
166 1
167 1
168 1
169 2
170 2
171 2
172 2
173 2
174 2
175 2
176 1
177 2
178 1
179 1
180 1
181 1
182 1
183 1
184 2
185 1
186 1
187 1
188 1
189 1
190 2
191 1
192 1
193 1
194 2
195 1
196 1
197 1
198 2
199 2
200 1
201 1
202 2
203 2
204 2
205 2
206 1
207 1
208 2
209 1
210 2
211 1
212 1
213 2
214 2
215 1
216 1
217 2
218 1
219 1
220 2
221 2
222 2
223 1
224 2
225 1
226 2
227 1
228 1
229 2
230 2
231 1
232 1
233 1
234 1
235 2
236 1
237 2
238 1
239 1
240 2
241 2
242 2
243 2
244 2
245 1
246 1
247 1
248 1
249 2
250 1
251 1
252 2
253 1
254 1
255 2
256 2
257 1
258 1
259 2
260 1
261 1
262 2
263 1
264 1
265 2
266 1
267 2
268 1
269 2
270 2
271 1
272 1
273 2
274 1
275 1
276 2
277 2
278 1
279 2
280 1
281 2
282 2
283 2
284 1
285 2
286 2
287 1
288 1
289 2
290 2
291 2
292 1
293 1
294 2
295 1
296 2
297 2
298 2
299 1
300 1
301 2
302 2
303 1
304 1
305 2
306 2
307 1
308 1
309 2
310 1
311 1
312 2
313 2
314 1
315 2
316 2
317 1
318 1
319 2
320 2
321 2
322 2
323 2
324 1
325 1
326 1
327 1
328 1
329 1
330 2
331 2
332 1
333 1
334 1
335 1
336 1
337 2
338 2
339 1
340 2
341 1
342 2
343 2
344 1
345 2
346 2
347 2
348 1
349 1
350 2
351 1
352 2
353 1
354 2
355 2
356 1
357 1
358 2
359 1
360 2
361 1
362 1
363 2
364 2
365 1
366 1
367 1
368 2
369 2
370 2
371 2
372 1
373 1
374 2
375 2
376 1
377 2
378 1
379 1
380 2
381 1
382 1
383 2
384 1
385 1
386 1
387 1
388 1
389 1
390 2
391 1
392 1
393 1
394 1
395 2
396 1
397 1
398 1
399 1
400 2
401 1
402 2
403 2
404 2
405 1
406 1
407 2
408 2
409 2
410 1
411 1
412 2
413 1
414 2
415 2
416 2
417 2
418 2
419 1
420 1
421 2
422 2
423 1
424 1
425 1
426 2
427 2
428 2
429 2
430 2
431 1
432 2
433 2
434 1
435 2
436 2
437 1
438 2
439 1
440 2
441 2
442 2
443 1
444 2
445 2
446 1
447 1
448 1
449 2
450 2
451 1
452 2
453 1
454 2
455 1
456 1
457 1
458 1
459 2
460 1
461 2
462 1
463 1
464 2
465 1
466 2
467 2
468 1
469 2
470 2
471 1
472 2
473 1
474 2
475 1
476 2
477 2
478 1
479 2
480 1
481 1
482 1
483 1
484 1
485 1
486 1
487 1
488 2
489 2
490 2
491 1
492 2
493 2
494 2
495 1
496 2
497 2
498 2
499 1
500 2
