// obj: 281.0
// running_duration: 0.49675488471984863
// gap: 0.0
// obj_bound: 281.0
// time_limit: ('TIME_LIMIT', <class 'float'>, 3600.0, 0.0, inf, inf)
// num_nodes: 100
1 1
2 1
3 1
4 2
5 1
6 1
7 2
8 2
9 2
10 2
11 2
12 2
13 1
14 1
15 2
16 2
17 1
18 1
19 2
20 2
21 2
22 2
23 1
24 2
25 1
26 1
27 1
28 1
29 2
30 2
31 1
32 1
33 1
34 2
35 1
36 1
37 2
38 2
39 1
40 2
41 2
42 2
43 1
44 1
45 2
46 2
47 2
48 1
49 1
50 1
51 1
52 1
53 2
54 1
55 1
56 2
57 1
58 1
59 2
60 2
61 2
62 1
63 2
64 1
65 2
66 2
67 2
68 2
69 2
70 2
71 1
72 1
73 1
74 1
75 1
76 2
77 1
78 2
79 1
80 1
81 2
82 1
83 2
84 1
85 1
86 2
87 1
88 2
89 1
90 2
91 2
92 1
93 2
94 1
95 1
96 2
97 1
98 1
99 2
100 1
