// obj: 582.0
// running_duration: 65.84194016456604
// gap: 0.0
// obj_bound: 582.0
// time_limit: ('TIME_LIMIT', <class 'float'>, 3600.0, 0.0, inf, inf)
// num_nodes: 200
1 2
2 2
3 1
4 2
5 1
6 1
7 1
8 1
9 1
10 2
11 1
12 1
13 2
14 2
15 1
16 1
17 1
18 2
19 2
20 1
21 2
22 2
23 2
24 2
25 1
26 2
27 2
28 2
29 2
30 1
31 1
32 2
33 2
34 2
35 2
36 2
37 2
38 2
39 2
40 2
41 2
42 2
43 2
44 1
45 2
46 2
47 2
48 1
49 1
50 1
51 1
52 2
53 2
54 2
55 2
56 2
57 1
58 2
59 2
60 1
61 2
62 1
63 1
64 2
65 1
66 2
67 2
68 2
69 2
70 2
71 2
72 1
73 2
74 2
75 1
76 2
77 1
78 1
79 1
80 1
81 2
82 2
83 1
84 2
85 1
86 1
87 1
88 1
89 2
90 1
91 2
92 1
93 2
94 1
95 1
96 1
97 1
98 1
99 1
100 2
101 2
102 2
103 1
104 1
105 2
106 2
107 2
108 2
109 2
110 2
111 2
112 1
113 1
114 1
115 1
116 2
117 1
118 1
119 2
120 1
121 1
122 1
123 2
124 1
125 1
126 2
127 2
128 1
129 1
130 1
131 2
132 1
133 2
134 1
135 2
136 2
137 2
138 1
139 2
140 1
141 2
142 1
143 1
144 2
145 1
146 1
147 1
148 2
149 1
150 1
151 2
152 1
153 1
154 1
155 1
156 2
157 2
158 1
159 1
160 2
161 2
162 2
163 1
164 2
165 1
166 2
167 1
168 2
169 1
170 2
171 2
172 2
173 2
174 1
175 1
176 1
177 2
178 1
179 1
180 1
181 2
182 1
183 2
184 1
185 1
186 1
187 2
188 1
189 1
190 2
191 2
192 2
193 1
194 1
195 1
196 2
197 1
198 1
199 2
200 2
