// obj: 1173.0
// running_duration: 3562.6245679855347
// gap: 0.0
// obj_bound: 1173.0
// time_limit: ('TIME_LIMIT', <class 'float'>, 3600.0, 0.0, inf, inf)
// num_nodes: 400
1 2
2 1
3 1
4 1
5 1
6 2
7 2
8 1
9 2
10 2
11 2
12 1
13 2
14 2
15 2
16 2
17 1
18 1
19 1
20 2
21 1
22 2
23 1
24 1
25 1
26 1
27 2
28 1
29 2
30 2
31 1
32 2
33 1
34 2
35 1
36 2
37 2
38 2
39 1
40 2
41 1
42 1
43 2
44 1
45 1
46 1
47 2
48 2
49 1
50 1
51 2
52 2
53 2
54 2
55 1
56 2
57 1
58 2
59 2
60 1
61 1
62 2
63 2
64 2
65 2
66 2
67 2
68 1
69 1
70 2
71 1
72 1
73 2
74 1
75 1
76 1
77 1
78 1
79 1
80 2
81 2
82 1
83 2
84 1
85 1
86 1
87 2
88 2
89 1
90 1
91 2
92 2
93 1
94 1
95 1
96 2
97 1
98 1
99 2
100 2
101 2
102 1
103 1
104 2
105 1
106 1
107 2
108 2
109 1
110 1
111 2
112 2
113 1
114 2
115 2
116 1
117 2
118 1
119 1
120 2
121 2
122 2
123 1
124 2
125 1
126 1
127 2
128 2
129 1
130 1
131 1
132 1
133 1
134 2
135 2
136 1
137 2
138 2
139 2
140 1
141 2
142 2
143 1
144 1
145 1
146 2
147 1
148 2
149 2
150 2
151 2
152 1
153 1
154 2
155 2
156 2
157 1
158 2
159 1
160 1
161 2
162 2
163 1
164 2
165 1
166 1
167 1
168 1
169 1
170 1
171 2
172 1
173 2
174 1
175 2
176 2
177 2
178 1
179 1
180 1
181 1
182 2
183 2
184 1
185 2
186 1
187 2
188 2
189 1
190 1
191 2
192 2
193 1
194 1
195 1
196 1
197 2
198 1
199 2
200 1
201 2
202 2
203 1
204 1
205 1
206 1
207 1
208 1
209 2
210 1
211 1
212 1
213 2
214 1
215 1
216 1
217 2
218 2
219 1
220 1
221 2
222 2
223 1
224 1
225 2
226 2
227 2
228 1
229 2
230 2
231 2
232 1
233 2
234 1
235 1
236 1
237 2
238 1
239 2
240 2
241 1
242 2
243 1
244 2
245 1
246 1
247 1
248 2
249 2
250 1
251 1
252 2
253 2
254 2
255 2
256 1
257 2
258 1
259 2
260 1
261 2
262 1
263 1
264 2
265 1
266 1
267 2
268 1
269 2
270 2
271 2
272 1
273 2
274 1
275 2
276 2
277 2
278 1
279 1
280 2
281 2
282 2
283 2
284 2
285 1
286 1
287 1
288 1
289 2
290 2
291 2
292 1
293 1
294 2
295 2
296 1
297 1
298 1
299 2
300 2
301 1
302 1
303 2
304 2
305 1
306 2
307 1
308 2
309 2
310 2
311 1
312 1
313 2
314 1
315 2
316 1
317 2
318 2
319 2
320 1
321 2
322 1
323 2
324 1
325 1
326 2
327 2
328 1
329 1
330 1
331 2
332 2
333 1
334 1
335 2
336 1
337 1
338 2
339 2
340 1
341 2
342 2
343 2
344 1
345 1
346 1
347 1
348 1
349 1
350 2
351 1
352 1
353 2
354 1
355 2
356 2
357 1
358 2
359 2
360 2
361 2
362 2
363 1
364 2
365 1
366 1
367 2
368 2
369 1
370 2
371 1
372 1
373 1
374 2
375 1
376 1
377 2
378 2
379 1
380 2
381 1
382 1
383 2
384 1
385 1
386 1
387 1
388 2
389 2
390 1
391 2
392 2
393 2
394 1
395 2
396 1
397 2
398 2
399 1
400 1
