// obj: 1470.0
// running_duration: 3600.159381866455
// gap: 0.04625850340136054
// obj_bound: 1538.0
// time_limit: ('TIME_LIMIT', <class 'float'>, 3600.0, 0.0, inf, inf)
// num_nodes: 500
1 1
2 2
3 2
4 1
5 1
6 1
7 1
8 2
9 1
10 2
11 2
12 2
13 1
14 1
15 2
16 1
17 2
18 2
19 1
20 2
21 2
22 1
23 2
24 2
25 2
26 1
27 2
28 1
29 2
30 1
31 2
32 1
33 1
34 2
35 1
36 1
37 1
38 2
39 1
40 1
41 1
42 1
43 2
44 1
45 1
46 2
47 2
48 2
49 1
50 1
51 1
52 2
53 2
54 1
55 2
56 2
57 2
58 2
59 2
60 2
61 2
62 1
63 2
64 1
65 1
66 2
67 2
68 1
69 1
70 2
71 2
72 1
73 1
74 2
75 1
76 2
77 2
78 2
79 2
80 2
81 1
82 1
83 2
84 2
85 2
86 1
87 2
88 2
89 2
90 1
91 1
92 1
93 2
94 1
95 2
96 1
97 1
98 1
99 2
100 2
101 2
102 1
103 1
104 1
105 1
106 2
107 1
108 2
109 1
110 2
111 1
112 1
113 1
114 1
115 2
116 1
117 2
118 1
119 2
120 2
121 2
122 1
123 1
124 2
125 1
126 2
127 2
128 2
129 2
130 1
131 1
132 1
133 2
134 1
135 1
136 2
137 1
138 2
139 2
140 1
141 2
142 1
143 2
144 2
145 2
146 1
147 2
148 2
149 2
150 2
151 1
152 1
153 1
154 1
155 2
156 2
157 2
158 1
159 1
160 2
161 2
162 2
163 2
164 1
165 2
166 2
167 1
168 1
169 2
170 2
171 2
172 1
173 1
174 1
175 1
176 2
177 1
178 2
179 2
180 1
181 2
182 2
183 2
184 1
185 1
186 2
187 1
188 1
189 2
190 2
191 1
192 2
193 2
194 2
195 2
196 1
197 1
198 1
199 1
200 1
201 1
202 1
203 1
204 1
205 2
206 1
207 2
208 1
209 2
210 2
211 1
212 1
213 1
214 2
215 2
216 2
217 1
218 2
219 2
220 1
221 1
222 2
223 2
224 2
225 1
226 1
227 1
228 2
229 2
230 2
231 1
232 1
233 2
234 2
235 1
236 2
237 1
238 1
239 1
240 1
241 1
242 2
243 2
244 1
245 2
246 1
247 2
248 1
249 1
250 2
251 1
252 2
253 2
254 1
255 2
256 2
257 1
258 2
259 2
260 1
261 2
262 1
263 1
264 2
265 2
266 1
267 2
268 2
269 2
270 2
271 2
272 1
273 1
274 2
275 1
276 2
277 1
278 1
279 1
280 2
281 1
282 1
283 2
284 1
285 1
286 1
287 1
288 2
289 1
290 1
291 1
292 2
293 2
294 1
295 2
296 1
297 1
298 1
299 2
300 1
301 1
302 1
303 1
304 1
305 1
306 1
307 2
308 2
309 2
310 2
311 2
312 1
313 2
314 1
315 2
316 2
317 1
318 1
319 2
320 1
321 2
322 2
323 1
324 2
325 2
326 1
327 2
328 2
329 2
330 2
331 2
332 2
333 2
334 1
335 2
336 2
337 1
338 1
339 1
340 2
341 2
342 2
343 2
344 2
345 1
346 2
347 1
348 1
349 1
350 1
351 1
352 1
353 2
354 2
355 2
356 2
357 2
358 1
359 2
360 2
361 1
362 2
363 1
364 1
365 1
366 2
367 2
368 2
369 2
370 1
371 2
372 2
373 2
374 1
375 2
376 2
377 2
378 1
379 1
380 1
381 2
382 2
383 2
384 1
385 2
386 1
387 1
388 2
389 2
390 1
391 1
392 2
393 1
394 2
395 1
396 2
397 1
398 1
399 2
400 1
401 1
402 2
403 2
404 2
405 2
406 2
407 1
408 2
409 1
410 1
411 1
412 2
413 1
414 2
415 1
416 1
417 2
418 1
419 1
420 1
421 2
422 2
423 2
424 1
425 1
426 1
427 2
428 1
429 1
430 2
431 2
432 1
433 2
434 2
435 1
436 1
437 1
438 2
439 1
440 2
441 2
442 2
443 2
444 1
445 1
446 1
447 2
448 2
449 1
450 2
451 2
452 1
453 1
454 2
455 1
456 1
457 1
458 2
459 2
460 2
461 1
462 1
463 1
464 1
465 2
466 1
467 2
468 2
469 1
470 2
471 2
472 2
473 2
474 2
475 2
476 1
477 2
478 1
479 2
480 2
481 1
482 1
483 2
484 2
485 1
486 1
487 1
488 1
489 1
490 2
491 2
492 1
493 2
494 1
495 1
496 2
497 2
498 2
499 2
500 2
