// obj: 875.0
// running_duration: 523.0517771244049
// gap: 0.0
// obj_bound: 875.0
// time_limit: ('TIME_LIMIT', <class 'float'>, 3600.0, 0.0, inf, inf)
// num_nodes: 300
1 2
2 2
3 1
4 2
5 1
6 1
7 1
8 1
9 1
10 2
11 1
12 1
13 1
14 2
15 2
16 2
17 2
18 1
19 2
20 1
21 2
22 1
23 2
24 2
25 2
26 2
27 2
28 2
29 1
30 1
31 2
32 2
33 2
34 1
35 2
36 1
37 1
38 2
39 1
40 2
41 2
42 2
43 1
44 1
45 1
46 1
47 2
48 2
49 2
50 2
51 1
52 1
53 1
54 2
55 2
56 2
57 1
58 1
59 2
60 2
61 1
62 1
63 1
64 1
65 2
66 1
67 1
68 2
69 1
70 2
71 1
72 2
73 2
74 1
75 2
76 2
77 1
78 1
79 2
80 2
81 1
82 2
83 2
84 2
85 1
86 1
87 1
88 2
89 1
90 1
91 2
92 2
93 2
94 1
95 2
96 1
97 2
98 1
99 2
100 1
101 2
102 1
103 1
104 1
105 2
106 1
107 1
108 1
109 2
110 2
111 2
112 2
113 1
114 2
115 2
116 2
117 2
118 2
119 2
120 1
121 2
122 2
123 2
124 1
125 2
126 1
127 2
128 1
129 2
130 2
131 2
132 1
133 1
134 1
135 2
136 1
137 1
138 2
139 1
140 1
141 1
142 2
143 2
144 2
145 2
146 2
147 1
148 1
149 1
150 2
151 1
152 1
153 2
154 1
155 2
156 2
157 1
158 2
159 1
160 2
161 1
162 2
163 2
164 2
165 2
166 2
167 2
168 1
169 1
170 1
171 2
172 1
173 2
174 1
175 1
176 1
177 1
178 2
179 2
180 2
181 2
182 1
183 1
184 1
185 2
186 1
187 2
188 2
189 1
190 2
191 2
192 1
193 2
194 2
195 2
196 2
197 2
198 1
199 2
200 1
201 2
202 2
203 2
204 2
205 2
206 2
207 1
208 2
209 1
210 2
211 1
212 1
213 2
214 2
215 1
216 1
217 2
218 1
219 2
220 1
221 2
222 2
223 2
224 1
225 2
226 2
227 2
228 1
229 2
230 2
231 2
232 2
233 2
234 2
235 1
236 2
237 2
238 1
239 1
240 2
241 1
242 1
243 2
244 2
245 2
246 1
247 2
248 2
249 2
250 2
251 1
252 1
253 1
254 2
255 2
256 2
257 2
258 1
259 2
260 2
261 2
262 1
263 2
264 2
265 2
266 1
267 1
268 2
269 1
270 2
271 1
272 2
273 2
274 1
275 1
276 2
277 1
278 1
279 1
280 1
281 2
282 1
283 2
284 2
285 1
286 1
287 1
288 1
289 2
290 2
291 2
292 1
293 1
294 2
295 2
296 1
297 1
298 1
299 2
300 2
