// obj: 882.0
// running_duration: 653.185537815094
// gap: 0.0
// obj_bound: 882.0
// time_limit: ('TIME_LIMIT', <class 'float'>, 3600.0, 0.0, inf, inf)
// num_nodes: 300
1 1
2 1
3 1
4 1
5 2
6 1
7 2
8 1
9 1
10 2
11 2
12 2
13 2
14 1
15 2
16 2
17 1
18 1
19 1
20 2
21 2
22 1
23 1
24 2
25 1
26 1
27 2
28 2
29 2
30 2
31 1
32 1
33 2
34 2
35 1
36 2
37 2
38 1
39 1
40 2
41 1
42 2
43 2
44 1
45 2
46 1
47 2
48 1
49 2
50 1
51 2
52 2
53 2
54 1
55 1
56 1
57 2
58 1
59 2
60 2
61 1
62 1
63 1
64 2
65 2
66 2
67 2
68 1
69 1
70 2
71 2
72 2
73 1
74 1
75 2
76 1
77 1
78 2
79 2
80 2
81 1
82 2
83 1
84 2
85 1
86 1
87 1
88 2
89 2
90 2
91 2
92 2
93 2
94 1
95 2
96 2
97 1
98 1
99 2
100 2
101 2
102 1
103 1
104 2
105 2
106 2
107 2
108 1
109 1
110 1
111 2
112 2
113 2
114 2
115 2
116 2
117 2
118 1
119 1
120 2
121 1
122 1
123 1
124 2
125 2
126 2
127 1
128 1
129 2
130 2
131 2
132 1
133 2
134 2
135 2
136 2
137 1
138 1
139 1
140 2
141 2
142 1
143 2
144 2
145 2
146 1
147 1
148 2
149 1
150 1
151 1
152 1
153 1
154 2
155 1
156 1
157 2
158 1
159 1
160 2
161 1
162 2
163 2
164 2
165 1
166 1
167 1
168 2
169 1
170 1
171 2
172 1
173 2
174 2
175 1
176 1
177 1
178 2
179 2
180 1
181 2
182 2
183 1
184 2
185 2
186 2
187 1
188 1
189 1
190 2
191 1
192 1
193 2
194 2
195 1
196 2
197 2
198 2
199 1
200 2
201 2
202 2
203 1
204 1
205 1
206 2
207 2
208 1
209 1
210 2
211 1
212 1
213 1
214 1
215 2
216 2
217 2
218 2
219 1
220 2
221 1
222 2
223 1
224 2
225 2
226 2
227 2
228 1
229 2
230 2
231 2
232 2
233 1
234 2
235 1
236 1
237 1
238 2
239 1
240 1
241 2
242 2
243 2
244 1
245 1
246 1
247 1
248 1
249 2
250 2
251 2
252 1
253 2
254 2
255 1
256 1
257 2
258 2
259 1
260 2
261 1
262 1
263 1
264 2
265 2
266 2
267 2
268 2
269 2
270 2
271 2
272 1
273 2
274 2
275 1
276 2
277 1
278 1
279 1
280 1
281 1
282 1
283 1
284 2
285 1
286 1
287 2
288 1
289 2
290 1
291 1
292 1
293 2
294 2
295 1
296 2
297 2
298 1
299 1
300 1
