// obj: 883.0
// running_duration: 719.8887209892273
// gap: 0.0
// obj_bound: 883.0
// time_limit: ('TIME_LIMIT', <class 'float'>, 3600.0, 0.0, inf, inf)
// num_nodes: 300
1 2
2 1
3 1
4 1
5 2
6 1
7 2
8 1
9 1
10 2
11 1
12 1
13 2
14 2
15 1
16 2
17 2
18 1
19 1
20 2
21 2
22 1
23 2
24 1
25 2
26 1
27 2
28 1
29 2
30 1
31 2
32 2
33 1
34 1
35 2
36 2
37 1
38 1
39 2
40 1
41 2
42 2
43 1
44 2
45 2
46 1
47 2
48 2
49 1
50 1
51 1
52 2
53 2
54 2
55 2
56 2
57 2
58 2
59 2
60 1
61 2
62 2
63 2
64 2
65 2
66 2
67 2
68 1
69 2
70 2
71 2
72 2
73 2
74 2
75 2
76 2
77 1
78 2
79 1
80 1
81 1
82 1
83 2
84 1
85 1
86 1
87 2
88 1
89 2
90 1
91 1
92 2
93 2
94 2
95 1
96 2
97 2
98 1
99 1
100 1
101 2
102 2
103 2
104 1
105 2
106 1
107 2
108 2
109 1
110 1
111 1
112 2
113 1
114 2
115 1
116 1
117 1
118 1
119 2
120 1
121 1
122 2
123 2
124 1
125 2
126 2
127 1
128 1
129 1
130 2
131 2
132 1
133 2
134 1
135 2
136 2
137 1
138 1
139 1
140 2
141 1
142 1
143 2
144 2
145 2
146 1
147 2
148 1
149 1
150 2
151 1
152 2
153 1
154 1
155 2
156 2
157 2
158 1
159 2
160 1
161 2
162 1
163 2
164 2
165 2
166 1
167 1
168 2
169 1
170 1
171 2
172 2
173 2
174 2
175 2
176 2
177 1
178 1
179 2
180 1
181 1
182 1
183 1
184 1
185 2
186 2
187 2
188 1
189 1
190 1
191 1
192 1
193 2
194 1
195 2
196 1
197 1
198 2
199 2
200 1
201 1
202 2
203 1
204 1
205 2
206 2
207 2
208 1
209 2
210 1
211 2
212 1
213 1
214 2
215 2
216 1
217 1
218 2
219 1
220 2
221 2
222 1
223 1
224 1
225 2
226 2
227 1
228 2
229 1
230 2
231 2
232 1
233 1
234 2
235 1
236 1
237 2
238 2
239 2
240 2
241 1
242 2
243 2
244 1
245 2
246 2
247 1
248 1
249 1
250 1
251 2
252 1
253 2
254 1
255 1
256 2
257 1
258 1
259 1
260 2
261 1
262 2
263 2
264 1
265 1
266 1
267 2
268 1
269 2
270 1
271 2
272 2
273 2
274 1
275 2
276 1
277 1
278 1
279 1
280 2
281 1
282 2
283 1
284 1
285 1
286 1
287 2
288 2
289 2
290 1
291 1
292 2
293 2
294 2
295 1
296 1
297 1
298 2
299 1
300 2
