// obj: 282.0
// running_duration: 0.7255480289459229
// gap: 0.0
// obj_bound: 282.0
// time_limit: ('TIME_LIMIT', <class 'float'>, 3600.0, 0.0, inf, inf)
// num_nodes: 100
1 2
2 2
3 2
4 1
5 1
6 2
7 2
8 1
9 1
10 2
11 1
12 1
13 2
14 1
15 1
16 1
17 1
18 1
19 1
20 1
21 1
22 2
23 1
24 1
25 1
26 2
27 2
28 1
29 2
30 2
31 2
32 2
33 2
34 2
35 1
36 2
37 2
38 2
39 2
40 2
41 1
42 2
43 2
44 2
45 1
46 1
47 2
48 1
49 1
50 2
51 2
52 1
53 1
54 1
55 1
56 1
57 1
58 1
59 2
60 2
61 2
62 2
63 1
64 2
65 1
66 1
67 2
68 2
69 2
70 1
71 1
72 1
73 1
74 2
75 2
76 1
77 2
78 2
79 1
80 2
81 2
82 1
83 1
84 1
85 2
86 1
87 2
88 2
89 1
90 1
91 1
92 1
93 1
94 2
95 1
96 2
97 1
98 1
99 2
100 2
