// obj: 282.0
// running_duration: 0.5659389495849609
// gap: 0.0
// obj_bound: 282.0
// time_limit: ('TIME_LIMIT', <class 'float'>, 3600.0, 0.0, inf, inf)
// num_nodes: 100
1 1
2 1
3 1
4 1
5 2
6 2
7 2
8 2
9 1
10 1
11 2
12 1
13 1
14 2
15 2
16 2
17 1
18 2
19 2
20 2
21 1
22 2
23 2
24 2
25 2
26 1
27 2
28 1
29 1
30 2
31 1
32 1
33 1
34 2
35 1
36 2
37 2
38 2
39 1
40 2
41 1
42 2
43 2
44 2
45 2
46 1
47 1
48 2
49 1
50 2
51 1
52 1
53 2
54 2
55 2
56 2
57 2
58 2
59 1
60 1
61 1
62 1
63 2
64 2
65 2
66 2
67 1
68 2
69 2
70 1
71 2
72 2
73 1
74 1
75 2
76 2
77 1
78 1
79 1
80 1
81 2
82 2
83 1
84 2
85 2
86 2
87 1
88 2
89 1
90 2
91 1
92 2
93 1
94 2
95 2
96 1
97 2
98 1
99 1
100 2
