// obj: 281.0
// running_duration: 0.8182351589202881
// gap: 0.0
// obj_bound: 281.0
// time_limit: ('TIME_LIMIT', <class 'float'>, 3600.0, 0.0, inf, inf)
// num_nodes: 100
1 1
2 1
3 1
4 1
5 2
6 2
7 1
8 2
9 1
10 2
11 2
12 1
13 1
14 1
15 1
16 1
17 2
18 1
19 2
20 1
21 1
22 1
23 2
24 1
25 2
26 2
27 2
28 1
29 2
30 2
31 1
32 2
33 2
34 1
35 1
36 2
37 2
38 1
39 2
40 1
41 2
42 2
43 1
44 1
45 2
46 2
47 2
48 2
49 1
50 1
51 1
52 2
53 1
54 1
55 1
56 2
57 2
58 1
59 2
60 2
61 1
62 2
63 2
64 2
65 1
66 2
67 2
68 2
69 2
70 1
71 1
72 1
73 1
74 2
75 1
76 1
77 2
78 1
79 2
80 1
81 1
82 2
83 1
84 1
85 2
86 1
87 1
88 1
89 2
90 1
91 2
92 1
93 2
94 1
95 2
96 2
97 2
98 2
99 2
100 2
