// obj: 1464.0
// running_duration: 3600.2041318416595
// gap: 0.05669398907103825
// obj_bound: 1547.0
// time_limit: ('TIME_LIMIT', <class 'float'>, 3600.0, 0.0, inf, inf)
// num_nodes: 500
1 1
2 2
3 2
4 2
5 1
6 2
7 2
8 1
9 2
10 1
11 1
12 1
13 2
14 2
15 2
16 2
17 1
18 1
19 2
20 1
21 2
22 1
23 1
24 1
25 1
26 1
27 1
28 2
29 1
30 1
31 1
32 2
33 1
34 2
35 1
36 1
37 1
38 2
39 1
40 1
41 1
42 1
43 2
44 1
45 2
46 1
47 1
48 1
49 1
50 2
51 1
52 2
53 1
54 2
55 1
56 2
57 1
58 2
59 2
60 2
61 1
62 2
63 2
64 2
65 2
66 2
67 1
68 2
69 2
70 2
71 2
72 1
73 2
74 1
75 2
76 1
77 1
78 2
79 2
80 2
81 2
82 1
83 2
84 2
85 1
86 2
87 1
88 2
89 1
90 2
91 2
92 1
93 2
94 1
95 1
96 1
97 1
98 1
99 2
100 2
101 2
102 1
103 1
104 2
105 1
106 1
107 2
108 1
109 2
110 1
111 2
112 1
113 1
114 2
115 1
116 1
117 1
118 2
119 1
120 1
121 2
122 2
123 2
124 2
125 2
126 2
127 1
128 2
129 2
130 1
131 2
132 1
133 2
134 2
135 1
136 2
137 1
138 2
139 1
140 2
141 1
142 1
143 2
144 2
145 2
146 1
147 1
148 2
149 2
150 1
151 2
152 2
153 2
154 2
155 2
156 2
157 1
158 1
159 2
160 2
161 2
162 1
163 1
164 1
165 2
166 1
167 1
168 2
169 2
170 1
171 2
172 1
173 1
174 2
175 1
176 2
177 2
178 2
179 2
180 1
181 2
182 2
183 2
184 1
185 2
186 2
187 2
188 2
189 2
190 2
191 1
192 1
193 1
194 1
195 1
196 2
197 2
198 2
199 1
200 2
201 2
202 2
203 2
204 1
205 1
206 2
207 1
208 2
209 2
210 2
211 1
212 2
213 2
214 1
215 1
216 2
217 1
218 1
219 1
220 1
221 2
222 2
223 2
224 2
225 1
226 2
227 1
228 2
229 1
230 1
231 2
232 2
233 1
234 1
235 2
236 2
237 1
238 2
239 1
240 2
241 1
242 2
243 2
244 1
245 2
246 1
247 1
248 1
249 1
250 2
251 2
252 1
253 2
254 1
255 2
256 1
257 1
258 2
259 1
260 1
261 1
262 2
263 1
264 2
265 2
266 2
267 2
268 2
269 1
270 1
271 1
272 1
273 1
274 2
275 2
276 2
277 2
278 2
279 1
280 1
281 1
282 2
283 2
284 1
285 1
286 2
287 1
288 1
289 2
290 2
291 1
292 2
293 2
294 1
295 1
296 2
297 2
298 1
299 2
300 1
301 2
302 2
303 2
304 1
305 2
306 1
307 1
308 2
309 1
310 2
311 2
312 1
313 2
314 2
315 1
316 1
317 1
318 2
319 1
320 2
321 1
322 1
323 1
324 2
325 2
326 1
327 2
328 2
329 2
330 2
331 1
332 2
333 1
334 2
335 1
336 2
337 1
338 1
339 1
340 1
341 1
342 2
343 1
344 1
345 1
346 2
347 2
348 1
349 1
350 2
351 2
352 1
353 2
354 2
355 2
356 1
357 1
358 1
359 2
360 1
361 1
362 2
363 1
364 1
365 1
366 1
367 1
368 2
369 2
370 2
371 2
372 1
373 2
374 1
375 2
376 2
377 2
378 1
379 1
380 2
381 2
382 1
383 2
384 1
385 1
386 2
387 2
388 1
389 1
390 1
391 1
392 1
393 1
394 2
395 2
396 1
397 1
398 2
399 1
400 1
401 1
402 2
403 1
404 1
405 1
406 2
407 1
408 2
409 1
410 1
411 1
412 2
413 2
414 2
415 2
416 2
417 2
418 1
419 2
420 1
421 2
422 2
423 1
424 2
425 1
426 1
427 2
428 1
429 1
430 2
431 1
432 1
433 2
434 1
435 2
436 1
437 1
438 1
439 2
440 1
441 2
442 1
443 1
444 2
445 2
446 2
447 1
448 2
449 2
450 2
451 2
452 2
453 2
454 2
455 1
456 1
457 1
458 2
459 1
460 2
461 1
462 1
463 2
464 2
465 1
466 1
467 1
468 1
469 2
470 1
471 1
472 2
473 2
474 2
475 1
476 1
477 1
478 2
479 2
480 1
481 2
482 2
483 1
484 1
485 2
486 1
487 2
488 2
489 1
490 1
491 1
492 2
493 1
494 2
495 2
496 1
497 2
498 1
499 2
500 2
