// obj: 1479.0
// running_duration: 3600.0452859401703
// gap: 0.011494252873563218
// obj_bound: 1496.0
// time_limit: ('TIME_LIMIT', <class 'float'>, 3600.0, 0.0, inf, inf)
// num_nodes: 500
1 1
2 1
3 1
4 1
5 2
6 2
7 2
8 1
9 2
10 1
11 2
12 1
13 1
14 1
15 2
16 2
17 2
18 2
19 2
20 1
21 2
22 1
23 2
24 2
25 2
26 1
27 1
28 2
29 1
30 2
31 2
32 2
33 2
34 2
35 2
36 1
37 2
38 2
39 2
40 2
41 1
42 1
43 1
44 2
45 1
46 1
47 2
48 1
49 2
50 1
51 2
52 2
53 1
54 1
55 1
56 2
57 1
58 2
59 2
60 2
61 2
62 2
63 1
64 1
65 1
66 1
67 2
68 1
69 2
70 1
71 2
72 1
73 1
74 2
75 2
76 1
77 1
78 1
79 1
80 2
81 1
82 2
83 1
84 1
85 1
86 1
87 1
88 2
89 1
90 2
91 1
92 1
93 1
94 1
95 1
96 2
97 1
98 1
99 2
100 2
101 2
102 2
103 1
104 2
105 2
106 1
107 1
108 2
109 1
110 1
111 1
112 2
113 2
114 1
115 2
116 1
117 1
118 2
119 1
120 1
121 2
122 1
123 1
124 2
125 2
126 2
127 1
128 2
129 2
130 2
131 1
132 1
133 1
134 2
135 2
136 2
137 2
138 1
139 1
140 1
141 2
142 1
143 2
144 2
145 1
146 1
147 2
148 2
149 2
150 1
151 1
152 2
153 1
154 1
155 2
156 2
157 2
158 2
159 1
160 2
161 1
162 2
163 1
164 2
165 1
166 2
167 2
168 2
169 2
170 1
171 2
172 1
173 2
174 2
175 2
176 1
177 1
178 1
179 2
180 2
181 1
182 1
183 2
184 1
185 2
186 2
187 1
188 1
189 2
190 1
191 1
192 2
193 1
194 1
195 1
196 1
197 1
198 1
199 2
200 2
201 2
202 1
203 1
204 2
205 1
206 2
207 2
208 1
209 1
210 2
211 2
212 1
213 2
214 2
215 2
216 2
217 1
218 2
219 1
220 1
221 1
222 2
223 1
224 2
225 1
226 2
227 1
228 2
229 1
230 2
231 2
232 2
233 2
234 2
235 2
236 2
237 1
238 1
239 1
240 2
241 1
242 2
243 1
244 1
245 1
246 2
247 2
248 1
249 2
250 2
251 1
252 2
253 1
254 2
255 1
256 1
257 1
258 2
259 1
260 2
261 1
262 2
263 2
264 2
265 1
266 1
267 2
268 1
269 2
270 1
271 2
272 1
273 1
274 1
275 2
276 1
277 1
278 1
279 1
280 1
281 2
282 2
283 2
284 1
285 1
286 2
287 1
288 2
289 1
290 1
291 1
292 2
293 2
294 2
295 1
296 2
297 1
298 1
299 1
300 2
301 2
302 2
303 2
304 2
305 1
306 2
307 2
308 1
309 1
310 1
311 1
312 1
313 2
314 2
315 1
316 2
317 2
318 2
319 1
320 1
321 2
322 2
323 2
324 1
325 2
326 1
327 1
328 2
329 1
330 1
331 1
332 1
333 1
334 1
335 1
336 1
337 2
338 1
339 1
340 2
341 2
342 1
343 2
344 2
345 1
346 1
347 1
348 2
349 1
350 1
351 2
352 2
353 1
354 1
355 1
356 2
357 1
358 1
359 2
360 1
361 2
362 2
363 2
364 2
365 1
366 1
367 1
368 2
369 2
370 2
371 2
372 2
373 2
374 1
375 1
376 1
377 2
378 2
379 1
380 1
381 1
382 1
383 2
384 1
385 1
386 1
387 1
388 1
389 2
390 1
391 1
392 2
393 1
394 1
395 1
396 2
397 2
398 2
399 2
400 2
401 1
402 1
403 1
404 1
405 2
406 1
407 1
408 1
409 2
410 1
411 1
412 2
413 1
414 1
415 2
416 1
417 1
418 2
419 1
420 2
421 1
422 2
423 2
424 2
425 1
426 1
427 2
428 1
429 1
430 2
431 2
432 1
433 1
434 2
435 1
436 2
437 1
438 2
439 1
440 1
441 1
442 2
443 2
444 1
445 1
446 1
447 2
448 1
449 1
450 1
451 1
452 2
453 1
454 1
455 2
456 2
457 2
458 1
459 1
460 1
461 2
462 1
463 2
464 2
465 1
466 1
467 1
468 1
469 1
470 1
471 2
472 2
473 2
474 1
475 2
476 2
477 1
478 1
479 2
480 1
481 1
482 2
483 2
484 1
485 2
486 1
487 2
488 1
489 2
490 2
491 2
492 1
493 1
494 2
495 2
496 1
497 1
498 2
499 2
500 1
