// obj: 874.0
// running_duration: 3600.23885512352
// gap: 0.009153318077803204
// obj_bound: 882.0
// time_limit: ('TIME_LIMIT', <class 'float'>, 3600.0, 0.0, inf, inf)
// num_nodes: 300
1 1
2 1
3 2
4 2
5 1
6 1
7 1
8 2
9 2
10 1
11 1
12 2
13 2
14 2
15 1
16 2
17 1
18 2
19 1
20 2
21 2
22 2
23 1
24 2
25 2
26 1
27 2
28 1
29 1
30 2
31 1
32 2
33 2
34 1
35 1
36 1
37 1
38 1
39 2
40 1
41 2
42 2
43 2
44 1
45 1
46 2
47 2
48 2
49 2
50 1
51 1
52 2
53 1
54 1
55 1
56 2
57 2
58 2
59 2
60 1
61 2
62 2
63 1
64 2
65 2
66 1
67 1
68 1
69 1
70 1
71 2
72 1
73 2
74 2
75 1
76 1
77 2
78 2
79 1
80 1
81 2
82 2
83 1
84 2
85 2
86 2
87 1
88 1
89 1
90 2
91 2
92 1
93 1
94 1
95 1
96 2
97 1
98 1
99 2
100 2
101 1
102 2
103 1
104 1
105 1
106 1
107 2
108 2
109 1
110 2
111 1
112 2
113 2
114 2
115 1
116 1
117 1
118 2
119 1
120 2
121 2
122 2
123 1
124 2
125 1
126 2
127 2
128 1
129 1
130 1
131 2
132 1
133 2
134 2
135 2
136 2
137 2
138 2
139 1
140 1
141 2
142 1
143 2
144 1
145 2
146 2
147 1
148 1
149 2
150 2
151 2
152 2
153 2
154 1
155 2
156 1
157 2
158 2
159 1
160 2
161 1
162 1
163 2
164 2
165 2
166 2
167 1
168 2
169 1
170 1
171 2
172 1
173 1
174 1
175 1
176 1
177 1
178 1
179 2
180 2
181 1
182 1
183 1
184 1
185 2
186 2
187 1
188 2
189 1
190 1
191 1
192 2
193 2
194 2
195 1
196 1
197 1
198 1
199 2
200 1
201 2
202 2
203 1
204 1
205 1
206 1
207 1
208 2
209 2
210 1
211 1
212 1
213 1
214 1
215 1
216 1
217 2
218 2
219 1
220 1
221 2
222 2
223 1
224 1
225 1
226 1
227 1
228 1
229 1
230 1
231 2
232 2
233 2
234 1
235 2
236 2
237 2
238 2
239 2
240 1
241 1
242 1
243 2
244 2
245 1
246 1
247 2
248 2
249 1
250 1
251 2
252 2
253 1
254 2
255 2
256 2
257 1
258 1
259 1
260 2
261 1
262 2
263 1
264 2
265 1
266 1
267 2
268 2
269 2
270 2
271 2
272 2
273 2
274 2
275 2
276 1
277 2
278 1
279 1
280 2
281 2
282 2
283 2
284 1
285 1
286 2
287 1
288 2
289 1
290 1
291 1
292 2
293 1
294 2
295 2
296 1
297 2
298 1
299 1
300 1
