// obj: 1470.0
// running_duration: 3600.0838849544525
// gap: 0.026530612244897958
// obj_bound: 1509.0
// time_limit: ('TIME_LIMIT', <class 'float'>, 3600.0, 0.0, inf, inf)
// num_nodes: 500
1 2
2 1
3 2
4 1
5 2
6 2
7 2
8 1
9 2
10 1
11 2
12 1
13 2
14 2
15 1
16 2
17 1
18 1
19 1
20 1
21 1
22 2
23 1
24 2
25 1
26 2
27 1
28 1
29 2
30 2
31 2
32 1
33 1
34 1
35 1
36 2
37 2
38 2
39 1
40 2
41 2
42 1
43 2
44 2
45 1
46 2
47 1
48 2
49 2
50 1
51 2
52 1
53 2
54 2
55 2
56 1
57 1
58 1
59 2
60 2
61 1
62 1
63 1
64 1
65 1
66 2
67 1
68 1
69 1
70 1
71 2
72 2
73 2
74 1
75 2
76 2
77 2
78 1
79 2
80 1
81 1
82 1
83 2
84 1
85 1
86 2
87 1
88 2
89 2
90 2
91 1
92 1
93 1
94 2
95 2
96 1
97 1
98 1
99 2
100 1
101 2
102 1
103 1
104 1
105 2
106 2
107 2
108 2
109 1
110 1
111 2
112 1
113 1
114 1
115 1
116 1
117 1
118 2
119 1
120 1
121 1
122 2
123 2
124 2
125 2
126 2
127 1
128 1
129 2
130 2
131 2
132 1
133 1
134 1
135 2
136 2
137 2
138 2
139 2
140 1
141 2
142 2
143 1
144 1
145 2
146 1
147 2
148 1
149 2
150 1
151 2
152 2
153 2
154 1
155 1
156 2
157 2
158 2
159 1
160 1
161 1
162 2
163 1
164 2
165 1
166 2
167 1
168 2
169 1
170 1
171 2
172 2
173 2
174 2
175 1
176 1
177 1
178 2
179 1
180 1
181 1
182 1
183 2
184 2
185 1
186 1
187 2
188 2
189 2
190 1
191 1
192 1
193 1
194 1
195 1
196 2
197 1
198 2
199 2
200 1
201 2
202 2
203 2
204 2
205 1
206 1
207 2
208 2
209 2
210 1
211 1
212 2
213 1
214 2
215 2
216 2
217 1
218 2
219 1
220 1
221 1
222 1
223 1
224 2
225 2
226 1
227 2
228 1
229 1
230 1
231 2
232 1
233 2
234 2
235 1
236 2
237 1
238 1
239 1
240 2
241 1
242 2
243 2
244 1
245 1
246 1
247 2
248 1
249 1
250 1
251 2
252 2
253 2
254 2
255 1
256 2
257 2
258 1
259 1
260 2
261 1
262 2
263 2
264 2
265 1
266 2
267 1
268 2
269 2
270 2
271 1
272 2
273 2
274 2
275 1
276 2
277 2
278 1
279 2
280 2
281 2
282 2
283 2
284 1
285 2
286 2
287 1
288 1
289 2
290 1
291 1
292 1
293 2
294 1
295 2
296 1
297 1
298 2
299 1
300 2
301 1
302 1
303 1
304 2
305 2
306 2
307 1
308 2
309 2
310 1
311 2
312 1
313 1
314 1
315 2
316 1
317 1
318 1
319 1
320 2
321 1
322 2
323 1
324 1
325 2
326 2
327 1
328 1
329 2
330 2
331 2
332 1
333 1
334 1
335 2
336 1
337 1
338 2
339 2
340 1
341 1
342 2
343 1
344 2
345 2
346 2
347 1
348 2
349 2
350 2
351 2
352 2
353 2
354 1
355 2
356 1
357 1
358 2
359 2
360 2
361 2
362 1
363 2
364 2
365 1
366 2
367 2
368 1
369 2
370 2
371 2
372 1
373 1
374 2
375 1
376 2
377 2
378 2
379 2
380 1
381 1
382 1
383 2
384 1
385 1
386 1
387 1
388 1
389 2
390 1
391 2
392 1
393 1
394 1
395 1
396 1
397 1
398 2
399 1
400 2
401 2
402 1
403 2
404 1
405 1
406 2
407 1
408 1
409 1
410 1
411 1
412 2
413 2
414 2
415 1
416 1
417 1
418 2
419 1
420 1
421 2
422 2
423 2
424 1
425 2
426 2
427 1
428 2
429 2
430 1
431 1
432 1
433 1
434 1
435 1
436 2
437 2
438 1
439 2
440 1
441 2
442 1
443 2
444 2
445 1
446 1
447 1
448 1
449 1
450 2
451 2
452 2
453 2
454 1
455 2
456 1
457 1
458 1
459 1
460 1
461 1
462 2
463 2
464 2
465 2
466 2
467 1
468 1
469 2
470 2
471 1
472 1
473 1
474 1
475 1
476 2
477 1
478 2
479 2
480 2
481 1
482 1
483 2
484 1
485 1
486 2
487 1
488 1
489 1
490 2
491 1
492 1
493 1
494 1
495 2
496 1
497 1
498 1
499 2
500 1
