// obj: 285.0
// running_duration: 0.7038230895996094
// gap: 0.0
// obj_bound: 285.0
// time_limit: ('TIME_LIMIT', <class 'float'>, 3600.0, 0.0, inf, inf)
// num_nodes: 100
1 2
2 1
3 2
4 2
5 1
6 1
7 1
8 2
9 2
10 2
11 2
12 2
13 1
14 2
15 1
16 1
17 2
18 1
19 1
20 1
21 1
22 1
23 2
24 2
25 2
26 2
27 1
28 2
29 1
30 2
31 1
32 1
33 1
34 1
35 1
36 1
37 2
38 2
39 2
40 2
41 2
42 2
43 1
44 2
45 1
46 2
47 1
48 2
49 1
50 1
51 1
52 2
53 2
54 1
55 2
56 2
57 2
58 1
59 1
60 1
61 2
62 1
63 2
64 2
65 2
66 2
67 1
68 1
69 1
70 1
71 1
72 1
73 1
74 2
75 1
76 1
77 2
78 1
79 2
80 2
81 1
82 2
83 1
84 1
85 1
86 2
87 2
88 1
89 1
90 1
91 2
92 2
93 2
94 2
95 1
96 1
97 2
98 2
99 2
100 1
