// obj: 579.0
// running_duration: 13.058193922042847
// gap: 0.0
// obj_bound: 579.0
// time_limit: ('TIME_LIMIT', <class 'float'>, 3600.0, 0.0, inf, inf)
// num_nodes: 200
1 1
2 2
3 2
4 1
5 1
6 1
7 1
8 1
9 2
10 1
11 2
12 1
13 2
14 2
15 2
16 2
17 1
18 2
19 2
20 2
21 2
22 2
23 2
24 1
25 1
26 1
27 2
28 2
29 2
30 2
31 2
32 2
33 2
34 1
35 1
36 1
37 2
38 2
39 1
40 1
41 2
42 2
43 1
44 2
45 2
46 2
47 1
48 1
49 2
50 2
51 1
52 1
53 1
54 2
55 1
56 1
57 1
58 2
59 2
60 2
61 1
62 2
63 2
64 1
65 2
66 2
67 2
68 2
69 2
70 1
71 2
72 2
73 2
74 2
75 2
76 1
77 2
78 2
79 2
80 1
81 2
82 1
83 2
84 1
85 1
86 1
87 2
88 1
89 2
90 2
91 1
92 2
93 2
94 1
95 1
96 1
97 2
98 2
99 1
100 2
101 1
102 2
103 1
104 1
105 1
106 1
107 1
108 2
109 2
110 1
111 1
112 2
113 2
114 2
115 2
116 2
117 1
118 1
119 2
120 2
121 1
122 1
123 2
124 1
125 1
126 1
127 2
128 1
129 2
130 2
131 1
132 2
133 1
134 1
135 1
136 1
137 1
138 1
139 1
140 1
141 2
142 1
143 1
144 1
145 1
146 2
147 1
148 1
149 2
150 2
151 2
152 2
153 1
154 1
155 1
156 2
157 2
158 1
159 1
160 2
161 2
162 2
163 1
164 2
165 2
166 2
167 1
168 2
169 1
170 2
171 2
172 1
173 1
174 1
175 2
176 2
177 1
178 2
179 2
180 1
181 2
182 1
183 1
184 1
185 2
186 1
187 1
188 2
189 2
190 2
191 1
192 1
193 2
194 1
195 1
196 1
197 2
198 2
199 2
200 2
