// obj: 872.0
// running_duration: 915.132306098938
// gap: 0.0
// obj_bound: 872.0
// time_limit: ('TIME_LIMIT', <class 'float'>, 3600.0, 0.0, inf, inf)
// num_nodes: 300
1 1
2 1
3 2
4 2
5 2
6 1
7 1
8 2
9 1
10 1
11 2
12 2
13 2
14 1
15 1
16 2
17 1
18 2
19 2
20 2
21 1
22 1
23 2
24 2
25 2
26 1
27 2
28 2
29 1
30 1
31 2
32 1
33 2
34 2
35 1
36 2
37 1
38 1
39 1
40 1
41 1
42 1
43 2
44 1
45 1
46 1
47 2
48 2
49 2
50 1
51 1
52 1
53 1
54 1
55 2
56 1
57 2
58 2
59 2
60 2
61 2
62 1
63 1
64 2
65 2
66 2
67 1
68 1
69 2
70 1
71 1
72 1
73 1
74 1
75 1
76 2
77 2
78 1
79 2
80 2
81 2
82 2
83 2
84 2
85 1
86 1
87 1
88 1
89 2
90 2
91 2
92 1
93 1
94 1
95 2
96 1
97 1
98 2
99 1
100 1
101 1
102 2
103 1
104 2
105 1
106 1
107 2
108 1
109 2
110 2
111 1
112 2
113 1
114 2
115 2
116 2
117 2
118 1
119 2
120 1
121 1
122 1
123 1
124 1
125 2
126 1
127 2
128 1
129 2
130 1
131 1
132 2
133 2
134 1
135 2
136 2
137 1
138 1
139 2
140 2
141 1
142 2
143 1
144 1
145 2
146 1
147 1
148 2
149 1
150 2
151 2
152 2
153 2
154 1
155 1
156 2
157 2
158 1
159 2
160 1
161 1
162 2
163 2
164 1
165 1
166 2
167 2
168 2
169 2
170 1
171 2
172 2
173 2
174 1
175 1
176 1
177 2
178 1
179 1
180 1
181 2
182 2
183 2
184 1
185 1
186 1
187 1
188 2
189 2
190 1
191 2
192 2
193 2
194 1
195 2
196 1
197 1
198 1
199 2
200 1
201 2
202 1
203 2
204 2
205 1
206 2
207 1
208 2
209 2
210 1
211 1
212 2
213 1
214 2
215 2
216 1
217 1
218 2
219 1
220 1
221 1
222 1
223 1
224 1
225 2
226 1
227 1
228 1
229 1
230 2
231 1
232 2
233 2
234 1
235 2
236 2
237 1
238 1
239 1
240 1
241 2
242 1
243 2
244 1
245 1
246 1
247 1
248 2
249 2
250 1
251 2
252 1
253 2
254 1
255 1
256 1
257 2
258 1
259 1
260 1
261 2
262 2
263 2
264 2
265 2
266 1
267 2
268 2
269 2
270 1
271 2
272 2
273 1
274 1
275 2
276 2
277 2
278 1
279 1
280 2
281 1
282 1
283 1
284 2
285 1
286 2
287 1
288 2
289 1
290 2
291 2
292 2
293 2
294 2
295 1
296 2
297 1
298 2
299 1
300 2
