// obj: 1177.0
// running_duration: 2689.222426891327
// gap: 0.0
// obj_bound: 1177.0
// time_limit: ('TIME_LIMIT', <class 'float'>, 3600.0, 0.0, inf, inf)
// num_nodes: 400
1 2
2 1
3 2
4 2
5 1
6 2
7 2
8 2
9 1
10 1
11 2
12 2
13 2
14 1
15 1
16 2
17 2
18 1
19 1
20 2
21 1
22 1
23 2
24 2
25 1
26 1
27 1
28 2
29 1
30 1
31 1
32 2
33 1
34 2
35 1
36 1
37 2
38 1
39 1
40 1
41 1
42 1
43 1
44 1
45 2
46 1
47 1
48 2
49 1
50 2
51 1
52 2
53 2
54 1
55 2
56 2
57 1
58 2
59 2
60 2
61 2
62 1
63 2
64 1
65 1
66 2
67 1
68 2
69 2
70 2
71 1
72 1
73 2
74 2
75 1
76 2
77 1
78 2
79 2
80 1
81 1
82 1
83 2
84 2
85 1
86 1
87 2
88 2
89 1
90 2
91 2
92 1
93 2
94 1
95 1
96 2
97 2
98 2
99 1
100 1
101 1
102 1
103 2
104 2
105 1
106 2
107 2
108 2
109 2
110 2
111 2
112 2
113 2
114 1
115 2
116 2
117 1
118 2
119 2
120 1
121 1
122 1
123 1
124 2
125 2
126 1
127 2
128 1
129 2
130 2
131 1
132 2
133 2
134 1
135 2
136 2
137 1
138 1
139 1
140 2
141 2
142 1
143 2
144 1
145 1
146 2
147 1
148 2
149 2
150 1
151 2
152 2
153 2
154 1
155 1
156 1
157 2
158 2
159 1
160 2
161 2
162 1
163 1
164 1
165 2
166 1
167 2
168 1
169 2
170 1
171 2
172 1
173 2
174 1
175 2
176 2
177 1
178 1
179 1
180 2
181 2
182 2
183 1
184 2
185 1
186 1
187 2
188 1
189 2
190 1
191 1
192 1
193 1
194 1
195 1
196 2
197 1
198 2
199 1
200 2
201 2
202 2
203 1
204 1
205 2
206 1
207 1
208 1
209 2
210 2
211 1
212 2
213 2
214 2
215 1
216 1
217 2
218 1
219 2
220 2
221 1
222 1
223 1
224 2
225 2
226 2
227 1
228 2
229 1
230 2
231 1
232 2
233 1
234 1
235 2
236 2
237 2
238 1
239 2
240 2
241 2
242 1
243 1
244 1
245 1
246 2
247 1
248 2
249 1
250 1
251 1
252 2
253 2
254 1
255 2
256 1
257 2
258 2
259 2
260 2
261 2
262 1
263 2
264 1
265 1
266 1
267 1
268 2
269 1
270 1
271 1
272 2
273 1
274 1
275 1
276 1
277 1
278 2
279 1
280 1
281 1
282 1
283 1
284 2
285 2
286 2
287 1
288 1
289 2
290 2
291 1
292 2
293 2
294 2
295 1
296 1
297 1
298 1
299 1
300 2
301 2
302 1
303 1
304 1
305 2
306 1
307 2
308 1
309 2
310 1
311 1
312 1
313 1
314 1
315 1
316 2
317 1
318 1
319 1
320 2
321 2
322 2
323 2
324 2
325 2
326 1
327 1
328 1
329 1
330 2
331 2
332 2
333 1
334 2
335 1
336 1
337 2
338 1
339 2
340 1
341 1
342 1
343 1
344 1
345 1
346 1
347 1
348 1
349 2
350 1
351 2
352 1
353 2
354 2
355 2
356 2
357 2
358 2
359 1
360 1
361 2
362 1
363 1
364 1
365 1
366 2
367 1
368 1
369 2
370 2
371 2
372 2
373 2
374 1
375 1
376 1
377 2
378 1
379 1
380 2
381 2
382 1
383 1
384 2
385 2
386 2
387 1
388 1
389 2
390 1
391 1
392 1
393 2
394 2
395 1
396 1
397 2
398 2
399 2
400 2
