// obj: 1468.0
// running_duration: 3600.063400030136
// gap: 0.05108991825613079
// obj_bound: 1543.0
// time_limit: ('TIME_LIMIT', <class 'float'>, 3600.0, 0.0, inf, inf)
// num_nodes: 500
1 1
2 2
3 1
4 2
5 1
6 2
7 1
8 2
9 2
10 1
11 2
12 2
13 1
14 2
15 2
16 1
17 2
18 2
19 1
20 2
21 1
22 2
23 1
24 1
25 1
26 1
27 2
28 1
29 2
30 2
31 2
32 2
33 2
34 2
35 2
36 1
37 1
38 1
39 1
40 2
41 1
42 2
43 1
44 1
45 2
46 1
47 2
48 1
49 1
50 2
51 2
52 2
53 2
54 2
55 2
56 2
57 1
58 2
59 1
60 2
61 1
62 1
63 1
64 2
65 1
66 1
67 1
68 2
69 1
70 2
71 1
72 2
73 1
74 1
75 2
76 2
77 1
78 2
79 1
80 1
81 1
82 1
83 1
84 1
85 1
86 2
87 1
88 2
89 2
90 2
91 1
92 1
93 2
94 1
95 2
96 2
97 2
98 2
99 2
100 2
101 2
102 1
103 1
104 1
105 2
106 2
107 1
108 1
109 2
110 1
111 2
112 2
113 1
114 2
115 1
116 1
117 2
118 1
119 2
120 1
121 2
122 2
123 2
124 1
125 1
126 2
127 1
128 1
129 2
130 1
131 2
132 1
133 1
134 2
135 2
136 1
137 1
138 1
139 2
140 1
141 1
142 2
143 1
144 2
145 2
146 1
147 2
148 2
149 2
150 1
151 1
152 2
153 1
154 2
155 1
156 1
157 2
158 2
159 1
160 2
161 1
162 1
163 2
164 2
165 1
166 1
167 2
168 1
169 2
170 2
171 2
172 2
173 1
174 1
175 2
176 2
177 2
178 1
179 1
180 2
181 2
182 2
183 1
184 2
185 1
186 2
187 1
188 1
189 1
190 1
191 1
192 1
193 1
194 2
195 2
196 2
197 2
198 1
199 1
200 2
201 1
202 2
203 2
204 2
205 1
206 2
207 2
208 2
209 1
210 2
211 1
212 1
213 1
214 2
215 1
216 1
217 2
218 2
219 1
220 2
221 1
222 1
223 2
224 1
225 1
226 2
227 1
228 2
229 2
230 1
231 2
232 2
233 1
234 2
235 1
236 1
237 2
238 2
239 1
240 2
241 1
242 2
243 2
244 2
245 1
246 2
247 1
248 2
249 1
250 1
251 2
252 2
253 1
254 2
255 1
256 1
257 2
258 2
259 1
260 2
261 2
262 2
263 1
264 2
265 1
266 2
267 1
268 1
269 1
270 1
271 1
272 1
273 2
274 1
275 1
276 2
277 2
278 1
279 1
280 1
281 2
282 2
283 2
284 1
285 1
286 1
287 1
288 2
289 2
290 1
291 1
292 2
293 1
294 1
295 1
296 2
297 2
298 1
299 1
300 2
301 2
302 2
303 1
304 1
305 2
306 1
307 2
308 1
309 2
310 1
311 1
312 1
313 2
314 2
315 1
316 1
317 1
318 1
319 2
320 2
321 1
322 2
323 1
324 1
325 1
326 1
327 2
328 1
329 2
330 2
331 1
332 1
333 2
334 2
335 1
336 1
337 2
338 1
339 1
340 1
341 2
342 1
343 1
344 2
345 1
346 2
347 1
348 1
349 2
350 1
351 2
352 2
353 1
354 1
355 2
356 1
357 2
358 1
359 1
360 2
361 2
362 2
363 1
364 1
365 2
366 1
367 2
368 2
369 1
370 2
371 1
372 2
373 2
374 1
375 1
376 1
377 2
378 1
379 1
380 2
381 1
382 1
383 1
384 2
385 2
386 2
387 1
388 2
389 2
390 1
391 2
392 2
393 1
394 1
395 1
396 1
397 2
398 1
399 2
400 1
401 1
402 1
403 2
404 2
405 1
406 1
407 1
408 2
409 2
410 2
411 2
412 2
413 1
414 2
415 2
416 2
417 1
418 1
419 2
420 1
421 1
422 2
423 2
424 2
425 2
426 2
427 1
428 1
429 1
430 1
431 1
432 2
433 1
434 2
435 1
436 1
437 1
438 2
439 1
440 2
441 2
442 1
443 2
444 2
445 2
446 2
447 2
448 2
449 2
450 2
451 2
452 2
453 1
454 2
455 1
456 1
457 2
458 1
459 1
460 1
461 2
462 2
463 1
464 1
465 1
466 2
467 1
468 2
469 2
470 2
471 2
472 2
473 2
474 1
475 2
476 1
477 1
478 1
479 1
480 1
481 1
482 1
483 1
484 1
485 1
486 2
487 1
488 2
489 2
490 2
491 1
492 2
493 2
494 2
495 1
496 2
497 1
498 2
499 2
500 2
