// obj: 575.0
// running_duration: 73.07662391662598
// gap: 0.0
// obj_bound: 575.0
// time_limit: ('TIME_LIMIT', <class 'float'>, 3600.0, 0.0, inf, inf)
// num_nodes: 200
1 1
2 2
3 2
4 1
5 1
6 2
7 1
8 1
9 2
10 1
11 2
12 2
13 1
14 2
15 2
16 2
17 2
18 1
19 2
20 2
21 2
22 2
23 2
24 2
25 2
26 2
27 1
28 1
29 1
30 2
31 1
32 1
33 2
34 1
35 2
36 1
37 1
38 1
39 1
40 1
41 2
42 2
43 2
44 2
45 1
46 1
47 1
48 1
49 2
50 2
51 2
52 2
53 1
54 2
55 1
56 2
57 2
58 1
59 2
60 1
61 1
62 1
63 1
64 1
65 1
66 1
67 1
68 2
69 1
70 2
71 2
72 1
73 2
74 1
75 1
76 1
77 2
78 1
79 2
80 2
81 1
82 1
83 2
84 1
85 1
86 2
87 2
88 1
89 1
90 2
91 2
92 2
93 1
94 2
95 2
96 1
97 2
98 1
99 1
100 1
101 1
102 2
103 1
104 2
105 1
106 1
107 1
108 2
109 1
110 2
111 1
112 2
113 2
114 2
115 2
116 2
117 2
118 1
119 2
120 1
121 2
122 2
123 2
124 2
125 1
126 1
127 1
128 1
129 1
130 2
131 1
132 1
133 1
134 2
135 1
136 1
137 1
138 2
139 2
140 1
141 1
142 1
143 2
144 1
145 1
146 1
147 1
148 2
149 2
150 2
151 1
152 1
153 2
154 1
155 1
156 1
157 2
158 2
159 2
160 1
161 2
162 1
163 2
164 2
165 1
166 1
167 2
168 1
169 1
170 2
171 1
172 1
173 2
174 2
175 2
176 2
177 1
178 2
179 2
180 2
181 1
182 2
183 1
184 1
185 1
186 2
187 1
188 2
189 2
190 2
191 1
192 1
193 1
194 2
195 2
196 1
197 1
198 1
199 1
200 1
