// obj: 872.0
// running_duration: 828.2091479301453
// gap: 0.0
// obj_bound: 872.0
// time_limit: ('TIME_LIMIT', <class 'float'>, 3600.0, 0.0, inf, inf)
// num_nodes: 300
1 1
2 1
3 1
4 2
5 1
6 1
7 2
8 2
9 1
10 1
11 2
12 2
13 2
14 2
15 1
16 2
17 1
18 1
19 1
20 2
21 1
22 1
23 2
24 2
25 2
26 1
27 2
28 1
29 2
30 2
31 2
32 2
33 2
34 1
35 2
36 2
37 2
38 2
39 2
40 2
41 2
42 2
43 1
44 1
45 2
46 1
47 2
48 2
49 2
50 1
51 1
52 2
53 1
54 2
55 1
56 1
57 1
58 1
59 2
60 2
61 1
62 1
63 2
64 1
65 1
66 2
67 2
68 1
69 1
70 1
71 2
72 1
73 1
74 2
75 1
76 2
77 2
78 1
79 1
80 2
81 1
82 2
83 1
84 2
85 1
86 1
87 2
88 2
89 2
90 2
91 2
92 1
93 2
94 2
95 1
96 2
97 2
98 1
99 2
100 1
101 1
102 2
103 1
104 2
105 2
106 1
107 1
108 1
109 2
110 2
111 1
112 1
113 2
114 1
115 2
116 2
117 1
118 2
119 2
120 2
121 2
122 2
123 1
124 1
125 1
126 2
127 1
128 1
129 1
130 2
131 2
132 1
133 1
134 1
135 1
136 2
137 2
138 2
139 2
140 2
141 2
142 2
143 1
144 1
145 1
146 2
147 2
148 1
149 1
150 1
151 2
152 2
153 2
154 1
155 1
156 2
157 1
158 1
159 2
160 2
161 1
162 1
163 1
164 2
165 2
166 1
167 1
168 1
169 1
170 2
171 1
172 2
173 2
174 1
175 1
176 1
177 1
178 2
179 1
180 1
181 1
182 2
183 2
184 2
185 1
186 1
187 2
188 2
189 1
190 2
191 1
192 1
193 2
194 2
195 1
196 2
197 2
198 2
199 2
200 2
201 2
202 2
203 2
204 2
205 2
206 2
207 2
208 1
209 2
210 1
211 2
212 2
213 2
214 2
215 2
216 2
217 1
218 2
219 1
220 2
221 1
222 2
223 1
224 1
225 1
226 1
227 2
228 2
229 1
230 1
231 1
232 2
233 2
234 2
235 2
236 1
237 1
238 2
239 1
240 2
241 2
242 2
243 1
244 2
245 1
246 1
247 2
248 1
249 2
250 2
251 1
252 1
253 1
254 2
255 1
256 2
257 2
258 2
259 1
260 2
261 2
262 1
263 1
264 2
265 1
266 2
267 2
268 1
269 1
270 2
271 1
272 2
273 1
274 1
275 2
276 2
277 1
278 2
279 2
280 2
281 2
282 2
283 1
284 2
285 2
286 1
287 1
288 2
289 1
290 1
291 1
292 2
293 2
294 1
295 1
296 1
297 2
298 1
299 2
300 1
