// obj: 1172.0
// running_duration: 3489.5378279685974
// gap: 0.0
// obj_bound: 1172.0
// time_limit: ('TIME_LIMIT', <class 'float'>, 3600.0, 0.0, inf, inf)
// num_nodes: 400
1 2
2 1
3 1
4 2
5 2
6 1
7 2
8 1
9 1
10 2
11 2
12 2
13 2
14 1
15 1
16 1
17 2
18 2
19 1
20 2
21 2
22 1
23 1
24 2
25 2
26 2
27 1
28 2
29 1
30 1
31 1
32 1
33 2
34 1
35 2
36 1
37 2
38 2
39 1
40 2
41 2
42 2
43 2
44 2
45 1
46 2
47 1
48 1
49 2
50 2
51 1
52 1
53 2
54 1
55 1
56 1
57 2
58 2
59 2
60 1
61 2
62 2
63 1
64 1
65 1
66 2
67 1
68 2
69 2
70 1
71 2
72 1
73 2
74 1
75 2
76 1
77 1
78 1
79 1
80 2
81 2
82 2
83 1
84 1
85 2
86 1
87 1
88 2
89 2
90 2
91 1
92 1
93 1
94 2
95 2
96 1
97 1
98 1
99 2
100 2
101 1
102 2
103 2
104 1
105 2
106 1
107 1
108 2
109 2
110 1
111 1
112 2
113 1
114 1
115 2
116 1
117 2
118 1
119 2
120 1
121 1
122 2
123 1
124 2
125 1
126 2
127 2
128 1
129 2
130 1
131 2
132 2
133 2
134 1
135 2
136 1
137 1
138 2
139 1
140 1
141 2
142 1
143 2
144 1
145 1
146 1
147 2
148 2
149 2
150 1
151 1
152 2
153 2
154 1
155 2
156 1
157 1
158 2
159 1
160 2
161 1
162 2
163 2
164 1
165 2
166 2
167 1
168 2
169 1
170 1
171 1
172 1
173 1
174 2
175 2
176 1
177 1
178 2
179 1
180 2
181 2
182 1
183 2
184 1
185 1
186 1
187 2
188 2
189 2
190 2
191 1
192 2
193 2
194 1
195 1
196 1
197 2
198 1
199 1
200 2
201 1
202 2
203 2
204 2
205 1
206 1
207 2
208 2
209 1
210 1
211 1
212 2
213 2
214 2
215 1
216 2
217 2
218 1
219 2
220 2
221 2
222 2
223 2
224 1
225 2
226 1
227 1
228 1
229 1
230 1
231 1
232 1
233 2
234 2
235 1
236 1
237 2
238 2
239 2
240 1
241 1
242 1
243 1
244 1
245 1
246 2
247 1
248 1
249 2
250 1
251 2
252 2
253 1
254 1
255 2
256 2
257 1
258 2
259 1
260 1
261 2
262 2
263 1
264 1
265 1
266 1
267 1
268 2
269 1
270 2
271 2
272 2
273 2
274 1
275 1
276 1
277 2
278 1
279 2
280 1
281 2
282 2
283 2
284 2
285 1
286 2
287 2
288 1
289 2
290 2
291 1
292 2
293 2
294 2
295 1
296 2
297 1
298 1
299 1
300 1
301 2
302 2
303 1
304 1
305 2
306 1
307 2
308 1
309 2
310 2
311 1
312 1
313 1
314 2
315 2
316 1
317 2
318 2
319 2
320 2
321 2
322 2
323 2
324 2
325 1
326 1
327 2
328 2
329 2
330 2
331 1
332 1
333 1
334 2
335 1
336 1
337 2
338 2
339 1
340 1
341 1
342 1
343 2
344 1
345 2
346 2
347 2
348 1
349 1
350 2
351 1
352 2
353 2
354 2
355 1
356 1
357 1
358 1
359 1
360 1
361 1
362 2
363 2
364 1
365 2
366 1
367 1
368 2
369 1
370 1
371 1
372 1
373 2
374 1
375 2
376 2
377 1
378 2
379 2
380 1
381 2
382 2
383 1
384 2
385 1
386 2
387 1
388 1
389 2
390 2
391 1
392 2
393 1
394 1
395 1
396 2
397 2
398 2
399 1
400 2
