// obj: 581.0
// running_duration: 37.936012983322144
// gap: 0.0
// obj_bound: 581.0
// time_limit: ('TIME_LIMIT', <class 'float'>, 3600.0, 0.0, inf, inf)
// num_nodes: 200
1 1
2 2
3 2
4 1
5 1
6 2
7 1
8 1
9 2
10 1
11 2
12 1
13 2
14 1
15 1
16 1
17 2
18 2
19 1
20 2
21 2
22 1
23 1
24 2
25 2
26 1
27 1
28 2
29 2
30 1
31 2
32 2
33 2
34 2
35 2
36 1
37 1
38 2
39 2
40 2
41 2
42 2
43 2
44 1
45 2
46 1
47 1
48 2
49 1
50 2
51 2
52 2
53 2
54 1
55 2
56 2
57 1
58 1
59 2
60 2
61 1
62 2
63 2
64 1
65 1
66 1
67 2
68 2
69 2
70 1
71 2
72 1
73 2
74 1
75 2
76 2
77 1
78 1
79 1
80 1
81 1
82 2
83 2
84 1
85 2
86 2
87 1
88 2
89 2
90 1
91 1
92 2
93 1
94 2
95 1
96 2
97 1
98 1
99 1
100 1
101 2
102 2
103 2
104 1
105 2
106 1
107 2
108 2
109 2
110 2
111 1
112 1
113 2
114 1
115 1
116 2
117 2
118 1
119 2
120 1
121 1
122 1
123 1
124 1
125 1
126 2
127 1
128 2
129 1
130 2
131 1
132 1
133 2
134 1
135 2
136 1
137 2
138 2
139 2
140 2
141 2
142 2
143 1
144 2
145 2
146 1
147 1
148 1
149 1
150 2
151 1
152 2
153 2
154 2
155 1
156 2
157 1
158 2
159 2
160 2
161 2
162 2
163 2
164 2
165 2
166 1
167 2
168 1
169 2
170 2
171 2
172 2
173 1
174 2
175 2
176 2
177 2
178 1
179 1
180 1
181 1
182 2
183 1
184 1
185 2
186 1
187 2
188 1
189 2
190 1
191 1
192 2
193 2
194 1
195 1
196 2
197 1
198 1
199 1
200 1
