// obj: 282.0
// running_duration: 0.6143569946289062
// gap: 0.0
// obj_bound: 282.0
// time_limit: ('TIME_LIMIT', <class 'float'>, 3600.0, 0.0, inf, inf)
// num_nodes: 100
1 1
2 2
3 1
4 1
5 1
6 2
7 2
8 2
9 1
10 1
11 2
12 1
13 2
14 1
15 1
16 1
17 2
18 2
19 1
20 2
21 1
22 1
23 2
24 1
25 2
26 1
27 2
28 2
29 2
30 2
31 1
32 1
33 2
34 1
35 2
36 1
37 1
38 2
39 2
40 1
41 1
42 2
43 2
44 1
45 2
46 1
47 2
48 1
49 2
50 2
51 1
52 1
53 2
54 2
55 1
56 2
57 1
58 1
59 2
60 1
61 1
62 1
63 2
64 1
65 2
66 1
67 2
68 2
69 1
70 2
71 2
72 2
73 2
74 1
75 1
76 1
77 2
78 1
79 2
80 2
81 2
82 1
83 2
84 2
85 2
86 2
87 2
88 1
89 2
90 2
91 2
92 2
93 2
94 1
95 2
96 1
97 1
98 1
99 2
100 2
