// obj: 1475.0
// running_duration: 3600.0675899982452
// gap: 0.03457627118644068
// obj_bound: 1526.0
// time_limit: ('TIME_LIMIT', <class 'float'>, 3600.0, 0.0, inf, inf)
// num_nodes: 500
1 2
2 1
3 1
4 2
5 1
6 1
7 1
8 2
9 2
10 2
11 1
12 1
13 2
14 2
15 2
16 1
17 2
18 1
19 2
20 2
21 1
22 2
23 2
24 2
25 1
26 2
27 2
28 1
29 1
30 1
31 1
32 2
33 2
34 2
35 1
36 2
37 1
38 2
39 2
40 2
41 1
42 2
43 2
44 1
45 2
46 1
47 2
48 1
49 1
50 1
51 1
52 2
53 1
54 1
55 1
56 2
57 1
58 1
59 2
60 1
61 2
62 2
63 1
64 1
65 1
66 2
67 1
68 1
69 1
70 1
71 2
72 1
73 2
74 2
75 1
76 1
77 2
78 1
79 2
80 2
81 1
82 2
83 2
84 1
85 1
86 1
87 2
88 2
89 1
90 2
91 2
92 2
93 2
94 2
95 2
96 1
97 2
98 1
99 1
100 2
101 2
102 2
103 1
104 1
105 2
106 2
107 1
108 2
109 1
110 2
111 2
112 1
113 1
114 2
115 1
116 2
117 1
118 2
119 2
120 2
121 1
122 1
123 1
124 1
125 1
126 2
127 2
128 1
129 2
130 1
131 2
132 1
133 2
134 1
135 1
136 1
137 1
138 2
139 1
140 2
141 2
142 2
143 1
144 2
145 2
146 2
147 2
148 2
149 2
150 2
151 1
152 2
153 2
154 1
155 1
156 1
157 2
158 1
159 2
160 1
161 1
162 1
163 2
164 1
165 2
166 1
167 2
168 1
169 2
170 1
171 2
172 2
173 1
174 1
175 2
176 2
177 1
178 2
179 1
180 1
181 2
182 1
183 2
184 2
185 1
186 2
187 2
188 2
189 2
190 2
191 2
192 2
193 1
194 2
195 2
196 1
197 1
198 2
199 1
200 2
201 2
202 2
203 2
204 2
205 2
206 1
207 1
208 1
209 2
210 1
211 2
212 2
213 2
214 2
215 2
216 1
217 2
218 2
219 2
220 1
221 1
222 1
223 2
224 1
225 1
226 2
227 2
228 1
229 1
230 2
231 2
232 2
233 2
234 1
235 1
236 1
237 2
238 1
239 1
240 1
241 2
242 1
243 1
244 2
245 2
246 1
247 2
248 1
249 2
250 1
251 2
252 2
253 1
254 2
255 1
256 1
257 1
258 1
259 2
260 1
261 2
262 2
263 2
264 2
265 1
266 2
267 2
268 1
269 1
270 2
271 1
272 1
273 1
274 1
275 2
276 1
277 2
278 1
279 2
280 2
281 1
282 1
283 1
284 2
285 2
286 1
287 2
288 1
289 1
290 1
291 1
292 1
293 2
294 1
295 1
296 2
297 2
298 2
299 2
300 1
301 1
302 1
303 1
304 1
305 1
306 2
307 2
308 2
309 1
310 2
311 1
312 2
313 2
314 1
315 1
316 1
317 1
318 1
319 1
320 2
321 1
322 1
323 1
324 1
325 2
326 1
327 2
328 1
329 1
330 1
331 2
332 1
333 1
334 1
335 2
336 2
337 2
338 1
339 1
340 1
341 2
342 2
343 2
344 1
345 2
346 1
347 2
348 1
349 1
350 2
351 2
352 1
353 1
354 1
355 1
356 1
357 2
358 2
359 1
360 1
361 1
362 1
363 1
364 1
365 1
366 2
367 2
368 1
369 2
370 1
371 2
372 2
373 1
374 2
375 1
376 2
377 1
378 1
379 2
380 2
381 2
382 1
383 2
384 2
385 2
386 2
387 1
388 2
389 2
390 1
391 1
392 1
393 2
394 1
395 2
396 1
397 2
398 2
399 1
400 2
401 1
402 2
403 1
404 1
405 2
406 2
407 2
408 2
409 2
410 2
411 1
412 1
413 2
414 1
415 2
416 1
417 1
418 1
419 2
420 2
421 1
422 1
423 1
424 1
425 1
426 2
427 1
428 2
429 1
430 1
431 1
432 1
433 2
434 2
435 2
436 1
437 1
438 1
439 1
440 1
441 1
442 2
443 2
444 2
445 2
446 2
447 1
448 1
449 2
450 2
451 1
452 1
453 2
454 2
455 2
456 1
457 1
458 2
459 2
460 2
461 1
462 1
463 2
464 1
465 2
466 2
467 2
468 1
469 2
470 2
471 2
472 2
473 1
474 2
475 2
476 1
477 1
478 2
479 2
480 2
481 2
482 1
483 2
484 1
485 1
486 1
487 1
488 2
489 1
490 2
491 2
492 1
493 2
494 2
495 2
496 2
497 1
498 1
499 1
500 1
