// obj: 883.0
// running_duration: 526.0884990692139
// gap: 0.0
// obj_bound: 883.0
// time_limit: ('TIME_LIMIT', <class 'float'>, 3600.0, 0.0, inf, inf)
// num_nodes: 300
1 2
2 1
3 1
4 1
5 2
6 2
7 1
8 2
9 2
10 2
11 1
12 2
13 2
14 2
15 2
16 1
17 1
18 1
19 2
20 2
21 1
22 1
23 1
24 2
25 1
26 2
27 2
28 1
29 1
30 2
31 1
32 1
33 2
34 1
35 2
36 1
37 2
38 2
39 2
40 1
41 2
42 2
43 2
44 2
45 2
46 1
47 1
48 1
49 2
50 1
51 1
52 1
53 2
54 1
55 1
56 1
57 1
58 2
59 1
60 1
61 1
62 1
63 1
64 2
65 2
66 2
67 1
68 2
69 1
70 1
71 1
72 2
73 1
74 1
75 1
76 1
77 1
78 1
79 1
80 2
81 1
82 2
83 2
84 1
85 1
86 1
87 2
88 1
89 2
90 1
91 1
92 2
93 1
94 1
95 2
96 1
97 2
98 1
99 2
100 2
101 2
102 2
103 2
104 2
105 1
106 2
107 1
108 2
109 2
110 1
111 1
112 1
113 2
114 1
115 1
116 2
117 2
118 2
119 1
120 1
121 1
122 2
123 1
124 1
125 2
126 2
127 2
128 1
129 2
130 1
131 1
132 2
133 1
134 2
135 2
136 1
137 1
138 1
139 2
140 2
141 1
142 2
143 1
144 1
145 2
146 2
147 2
148 2
149 1
150 1
151 2
152 2
153 1
154 2
155 1
156 1
157 1
158 2
159 2
160 2
161 2
162 1
163 2
164 1
165 2
166 2
167 1
168 1
169 2
170 2
171 1
172 2
173 1
174 2
175 1
176 1
177 1
178 1
179 1
180 2
181 2
182 1
183 2
184 1
185 1
186 2
187 2
188 1
189 1
190 1
191 1
192 2
193 1
194 2
195 1
196 2
197 2
198 2
199 1
200 1
201 2
202 1
203 1
204 2
205 1
206 1
207 2
208 1
209 2
210 2
211 1
212 2
213 1
214 1
215 2
216 2
217 1
218 1
219 2
220 1
221 2
222 2
223 2
224 1
225 1
226 2
227 1
228 1
229 2
230 2
231 2
232 1
233 2
234 2
235 2
236 2
237 1
238 1
239 2
240 2
241 1
242 1
243 2
244 2
245 1
246 2
247 2
248 1
249 2
250 2
251 2
252 2
253 2
254 2
255 2
256 1
257 1
258 1
259 2
260 2
261 2
262 1
263 2
264 2
265 2
266 2
267 1
268 1
269 1
270 1
271 2
272 2
273 1
274 2
275 2
276 2
277 2
278 1
279 2
280 2
281 2
282 1
283 1
284 2
285 1
286 1
287 1
288 1
289 1
290 2
291 1
292 1
293 1
294 2
295 2
296 2
297 1
298 2
299 1
300 1
