// obj: 581.0
// running_duration: 31.43294906616211
// gap: 0.0
// obj_bound: 581.0
// time_limit: ('TIME_LIMIT', <class 'float'>, 3600.0, 0.0, inf, inf)
// num_nodes: 200
1 1
2 1
3 1
4 1
5 2
6 2
7 2
8 2
9 2
10 1
11 2
12 1
13 2
14 2
15 1
16 1
17 2
18 1
19 2
20 1
21 2
22 2
23 1
24 1
25 1
26 2
27 2
28 1
29 2
30 2
31 2
32 1
33 1
34 1
35 2
36 2
37 2
38 2
39 1
40 1
41 2
42 1
43 1
44 1
45 2
46 2
47 2
48 1
49 1
50 2
51 1
52 1
53 1
54 2
55 2
56 2
57 2
58 2
59 1
60 2
61 1
62 1
63 1
64 2
65 1
66 2
67 2
68 1
69 2
70 2
71 1
72 1
73 1
74 1
75 2
76 2
77 2
78 2
79 2
80 2
81 1
82 1
83 2
84 2
85 1
86 1
87 1
88 1
89 2
90 1
91 1
92 2
93 1
94 2
95 2
96 1
97 2
98 1
99 1
100 2
101 1
102 1
103 1
104 1
105 1
106 2
107 2
108 1
109 2
110 2
111 2
112 1
113 1
114 1
115 2
116 1
117 1
118 2
119 1
120 2
121 1
122 1
123 2
124 1
125 2
126 1
127 1
128 1
129 1
130 1
131 1
132 1
133 2
134 1
135 2
136 2
137 1
138 2
139 2
140 1
141 2
142 1
143 1
144 2
145 1
146 1
147 2
148 2
149 1
150 2
151 1
152 2
153 2
154 1
155 1
156 1
157 2
158 1
159 2
160 1
161 1
162 1
163 2
164 1
165 1
166 1
167 1
168 1
169 1
170 1
171 2
172 2
173 1
174 1
175 1
176 1
177 1
178 2
179 1
180 2
181 2
182 2
183 1
184 1
185 1
186 1
187 2
188 1
189 1
190 2
191 2
192 1
193 2
194 2
195 2
196 1
197 1
198 1
199 1
200 2
