// obj: 1174.0
// running_duration: 3600.02295088768
// gap: 0.005110732538330494
// obj_bound: 1180.0
// time_limit: ('TIME_LIMIT', <class 'float'>, 3600.0, 0.0, inf, inf)
// num_nodes: 400
1 1
2 2
3 2
4 1
5 1
6 1
7 2
8 1
9 1
10 1
11 2
12 2
13 1
14 1
15 2
16 2
17 2
18 1
19 2
20 2
21 1
22 1
23 2
24 1
25 2
26 1
27 1
28 2
29 1
30 2
31 2
32 2
33 1
34 1
35 1
36 2
37 2
38 2
39 1
40 1
41 2
42 2
43 2
44 2
45 1
46 2
47 2
48 1
49 1
50 1
51 2
52 1
53 2
54 2
55 2
56 2
57 1
58 2
59 2
60 1
61 2
62 2
63 1
64 2
65 2
66 1
67 2
68 2
69 1
70 1
71 2
72 2
73 2
74 2
75 1
76 1
77 1
78 1
79 1
80 2
81 1
82 1
83 2
84 1
85 1
86 2
87 2
88 1
89 1
90 1
91 2
92 1
93 1
94 2
95 1
96 2
97 2
98 1
99 2
100 2
101 1
102 2
103 1
104 2
105 1
106 2
107 2
108 2
109 2
110 2
111 2
112 2
113 2
114 1
115 1
116 1
117 2
118 1
119 1
120 2
121 1
122 1
123 1
124 2
125 1
126 1
127 1
128 2
129 1
130 1
131 2
132 1
133 1
134 2
135 2
136 1
137 2
138 2
139 1
140 2
141 2
142 1
143 1
144 2
145 2
146 1
147 2
148 1
149 2
150 1
151 2
152 1
153 1
154 2
155 1
156 1
157 2
158 1
159 2
160 1
161 1
162 1
163 2
164 2
165 1
166 1
167 2
168 2
169 2
170 2
171 1
172 1
173 1
174 2
175 1
176 1
177 1
178 1
179 2
180 2
181 2
182 2
183 2
184 2
185 2
186 1
187 2
188 2
189 2
190 2
191 1
192 2
193 1
194 1
195 1
196 1
197 2
198 1
199 1
200 1
201 1
202 1
203 2
204 1
205 2
206 2
207 1
208 2
209 2
210 2
211 1
212 2
213 1
214 2
215 1
216 1
217 2
218 2
219 2
220 2
221 2
222 2
223 2
224 2
225 2
226 2
227 2
228 2
229 2
230 1
231 2
232 1
233 2
234 2
235 2
236 2
237 2
238 2
239 2
240 2
241 1
242 1
243 2
244 1
245 1
246 2
247 1
248 2
249 2
250 1
251 1
252 1
253 1
254 2
255 1
256 2
257 1
258 2
259 2
260 1
261 1
262 2
263 1
264 1
265 2
266 2
267 2
268 2
269 2
270 2
271 1
272 1
273 2
274 1
275 1
276 2
277 2
278 2
279 2
280 1
281 1
282 1
283 2
284 2
285 1
286 1
287 1
288 2
289 1
290 1
291 1
292 2
293 2
294 1
295 1
296 1
297 1
298 2
299 1
300 2
301 2
302 2
303 2
304 2
305 1
306 1
307 2
308 1
309 1
310 2
311 2
312 1
313 1
314 2
315 2
316 1
317 1
318 2
319 2
320 2
321 1
322 1
323 1
324 1
325 2
326 2
327 2
328 2
329 1
330 1
331 2
332 1
333 2
334 2
335 2
336 2
337 1
338 2
339 1
340 1
341 1
342 1
343 1
344 2
345 2
346 1
347 1
348 2
349 1
350 1
351 1
352 1
353 2
354 2
355 1
356 1
357 1
358 2
359 1
360 2
361 1
362 2
363 2
364 2
365 1
366 1
367 1
368 1
369 1
370 2
371 1
372 2
373 1
374 1
375 2
376 2
377 2
378 1
379 2
380 1
381 2
382 2
383 2
384 1
385 1
386 1
387 2
388 2
389 1
390 2
391 2
392 1
393 1
394 1
395 2
396 1
397 2
398 1
399 1
400 1
