// obj: 880.0
// running_duration: 220.94971585273743
// gap: 0.0
// obj_bound: 880.0
// time_limit: ('TIME_LIMIT', <class 'float'>, 3600.0, 0.0, inf, inf)
// num_nodes: 300
1 2
2 1
3 1
4 1
5 1
6 2
7 2
8 2
9 1
10 1
11 2
12 1
13 2
14 1
15 2
16 2
17 1
18 2
19 1
20 2
21 1
22 2
23 2
24 2
25 1
26 2
27 1
28 2
29 2
30 2
31 2
32 1
33 1
34 1
35 2
36 2
37 2
38 2
39 1
40 2
41 1
42 2
43 2
44 1
45 1
46 2
47 2
48 1
49 1
50 1
51 2
52 2
53 2
54 2
55 2
56 1
57 2
58 1
59 2
60 2
61 1
62 2
63 2
64 2
65 2
66 2
67 1
68 2
69 2
70 1
71 1
72 2
73 1
74 1
75 2
76 1
77 2
78 2
79 1
80 1
81 2
82 2
83 1
84 2
85 2
86 1
87 1
88 1
89 1
90 2
91 1
92 1
93 2
94 1
95 2
96 2
97 2
98 1
99 2
100 2
101 2
102 1
103 2
104 2
105 2
106 2
107 1
108 2
109 1
110 2
111 2
112 1
113 1
114 1
115 2
116 2
117 2
118 1
119 2
120 2
121 1
122 1
123 1
124 1
125 2
126 1
127 1
128 2
129 2
130 2
131 1
132 2
133 1
134 1
135 2
136 1
137 1
138 2
139 1
140 1
141 2
142 2
143 1
144 1
145 1
146 1
147 2
148 2
149 1
150 1
151 1
152 2
153 2
154 2
155 1
156 1
157 1
158 1
159 2
160 2
161 1
162 1
163 2
164 1
165 1
166 2
167 2
168 1
169 1
170 1
171 1
172 2
173 1
174 1
175 1
176 1
177 2
178 1
179 1
180 1
181 2
182 1
183 2
184 2
185 1
186 1
187 1
188 2
189 1
190 1
191 1
192 1
193 2
194 2
195 1
196 1
197 2
198 1
199 2
200 1
201 2
202 2
203 2
204 1
205 1
206 2
207 1
208 2
209 1
210 2
211 2
212 1
213 1
214 1
215 2
216 2
217 2
218 2
219 1
220 1
221 1
222 2
223 2
224 1
225 1
226 2
227 2
228 2
229 2
230 1
231 2
232 2
233 1
234 2
235 1
236 2
237 1
238 1
239 2
240 1
241 2
242 2
243 1
244 2
245 2
246 2
247 2
248 2
249 2
250 1
251 1
252 1
253 2
254 1
255 2
256 1
257 2
258 1
259 1
260 1
261 2
262 1
263 1
264 1
265 1
266 1
267 1
268 2
269 2
270 2
271 1
272 1
273 2
274 1
275 1
276 1
277 1
278 1
279 1
280 2
281 2
282 1
283 1
284 1
285 2
286 2
287 2
288 1
289 2
290 1
291 2
292 1
293 1
294 1
295 2
296 2
297 1
298 2
299 2
300 2
