// obj: 877.0
// running_duration: 530.4438161849976
// gap: 0.0
// obj_bound: 877.0
// time_limit: ('TIME_LIMIT', <class 'float'>, 3600.0, 0.0, inf, inf)
// num_nodes: 300
1 1
2 1
3 1
4 2
5 2
6 1
7 1
8 2
9 2
10 1
11 2
12 2
13 1
14 2
15 2
16 1
17 1
18 2
19 2
20 2
21 2
22 2
23 1
24 2
25 2
26 2
27 2
28 1
29 2
30 2
31 2
32 2
33 1
34 2
35 2
36 2
37 1
38 1
39 2
40 1
41 2
42 2
43 2
44 1
45 1
46 1
47 1
48 2
49 2
50 2
51 1
52 2
53 1
54 1
55 1
56 1
57 1
58 2
59 1
60 2
61 1
62 1
63 1
64 1
65 2
66 1
67 2
68 2
69 1
70 1
71 1
72 2
73 2
74 1
75 2
76 2
77 1
78 1
79 2
80 2
81 1
82 1
83 1
84 1
85 2
86 2
87 1
88 2
89 1
90 2
91 1
92 1
93 1
94 2
95 2
96 1
97 1
98 2
99 2
100 1
101 1
102 2
103 2
104 1
105 1
106 1
107 2
108 1
109 1
110 2
111 1
112 1
113 1
114 2
115 2
116 1
117 1
118 2
119 2
120 1
121 1
122 1
123 2
124 1
125 2
126 1
127 2
128 1
129 2
130 2
131 1
132 2
133 2
134 2
135 2
136 1
137 2
138 1
139 2
140 2
141 1
142 1
143 1
144 1
145 1
146 2
147 1
148 1
149 2
150 1
151 2
152 2
153 2
154 2
155 1
156 1
157 1
158 2
159 1
160 1
161 2
162 1
163 1
164 1
165 2
166 1
167 2
168 1
169 1
170 1
171 2
172 1
173 1
174 1
175 2
176 1
177 1
178 1
179 2
180 1
181 1
182 1
183 1
184 2
185 2
186 2
187 2
188 2
189 1
190 2
191 1
192 1
193 2
194 2
195 2
196 2
197 1
198 2
199 2
200 1
201 1
202 2
203 2
204 2
205 2
206 1
207 1
208 1
209 1
210 1
211 2
212 1
213 2
214 1
215 1
216 2
217 1
218 2
219 2
220 2
221 1
222 1
223 2
224 2
225 1
226 2
227 2
228 1
229 2
230 2
231 2
232 2
233 2
234 1
235 1
236 2
237 1
238 1
239 1
240 2
241 2
242 1
243 1
244 2
245 2
246 2
247 1
248 2
249 1
250 1
251 2
252 2
253 1
254 1
255 2
256 1
257 1
258 2
259 1
260 1
261 2
262 1
263 1
264 1
265 2
266 2
267 1
268 1
269 2
270 1
271 2
272 2
273 2
274 1
275 2
276 2
277 2
278 2
279 2
280 2
281 1
282 2
283 2
284 1
285 2
286 2
287 1
288 2
289 2
290 2
291 1
292 1
293 1
294 1
295 1
296 2
297 1
298 1
299 1
300 1
