// obj: 874.0
// running_duration: 517.8480241298676
// gap: 0.0
// obj_bound: 874.0
// time_limit: ('TIME_LIMIT', <class 'float'>, 3600.0, 0.0, inf, inf)
// num_nodes: 300
1 1
2 1
3 1
4 1
5 1
6 2
7 1
8 2
9 1
10 1
11 1
12 1
13 1
14 1
15 1
16 2
17 1
18 2
19 2
20 1
21 1
22 2
23 2
24 1
25 2
26 2
27 2
28 1
29 1
30 2
31 2
32 2
33 2
34 2
35 1
36 1
37 2
38 1
39 1
40 1
41 1
42 1
43 2
44 1
45 2
46 2
47 2
48 2
49 2
50 2
51 1
52 1
53 1
54 2
55 2
56 2
57 2
58 2
59 2
60 2
61 1
62 2
63 1
64 2
65 1
66 2
67 1
68 2
69 2
70 1
71 2
72 1
73 2
74 1
75 2
76 2
77 2
78 2
79 2
80 2
81 2
82 1
83 2
84 2
85 2
86 1
87 1
88 1
89 1
90 1
91 1
92 2
93 2
94 1
95 2
96 1
97 1
98 2
99 2
100 2
101 2
102 2
103 1
104 2
105 1
106 2
107 2
108 2
109 2
110 2
111 2
112 2
113 2
114 1
115 2
116 2
117 2
118 2
119 2
120 2
121 1
122 2
123 2
124 1
125 2
126 1
127 2
128 1
129 2
130 1
131 1
132 2
133 1
134 1
135 2
136 1
137 1
138 1
139 2
140 2
141 2
142 1
143 1
144 2
145 2
146 2
147 2
148 2
149 2
150 2
151 1
152 2
153 2
154 2
155 2
156 1
157 1
158 2
159 1
160 2
161 2
162 2
163 2
164 2
165 2
166 2
167 1
168 2
169 1
170 1
171 1
172 2
173 2
174 2
175 1
176 2
177 1
178 2
179 1
180 1
181 1
182 1
183 1
184 1
185 1
186 2
187 1
188 2
189 1
190 2
191 2
192 1
193 1
194 1
195 1
196 1
197 1
198 2
199 2
200 1
201 1
202 2
203 2
204 1
205 2
206 2
207 2
208 1
209 1
210 2
211 2
212 2
213 1
214 2
215 2
216 2
217 2
218 1
219 1
220 2
221 2
222 1
223 1
224 2
225 1
226 2
227 1
228 1
229 1
230 1
231 2
232 2
233 1
234 1
235 1
236 2
237 2
238 2
239 1
240 2
241 1
242 1
243 2
244 2
245 2
246 1
247 2
248 2
249 1
250 1
251 1
252 2
253 1
254 1
255 1
256 2
257 1
258 1
259 2
260 1
261 2
262 2
263 1
264 1
265 2
266 2
267 1
268 1
269 1
270 2
271 2
272 1
273 2
274 2
275 1
276 2
277 2
278 1
279 1
280 1
281 2
282 1
283 1
284 2
285 2
286 1
287 1
288 2
289 2
290 1
291 2
292 1
293 2
294 2
295 2
296 2
297 2
298 2
299 2
300 2
