// obj: 1175.0
// running_duration: 2302.443799972534
// gap: 0.0
// obj_bound: 1175.0
// time_limit: ('TIME_LIMIT', <class 'float'>, 3600.0, 0.0, inf, inf)
// num_nodes: 400
1 1
2 2
3 1
4 1
5 1
6 1
7 2
8 1
9 2
10 1
11 2
12 2
13 2
14 1
15 1
16 1
17 2
18 1
19 1
20 1
21 1
22 1
23 2
24 2
25 1
26 1
27 1
28 2
29 1
30 1
31 1
32 1
33 1
34 2
35 1
36 2
37 2
38 1
39 1
40 1
41 2
42 2
43 2
44 1
45 2
46 1
47 2
48 1
49 2
50 1
51 2
52 2
53 1
54 2
55 2
56 1
57 1
58 1
59 1
60 1
61 2
62 2
63 2
64 1
65 2
66 2
67 1
68 2
69 1
70 2
71 2
72 2
73 2
74 1
75 2
76 1
77 2
78 2
79 1
80 2
81 2
82 2
83 2
84 2
85 2
86 2
87 2
88 1
89 2
90 1
91 1
92 1
93 2
94 1
95 1
96 2
97 2
98 1
99 1
100 2
101 2
102 2
103 1
104 2
105 1
106 2
107 1
108 2
109 2
110 2
111 2
112 1
113 2
114 2
115 2
116 1
117 1
118 2
119 2
120 2
121 1
122 2
123 2
124 1
125 2
126 2
127 2
128 1
129 2
130 2
131 1
132 2
133 2
134 1
135 2
136 1
137 2
138 2
139 2
140 1
141 2
142 2
143 2
144 2
145 1
146 2
147 1
148 1
149 1
150 2
151 1
152 2
153 1
154 2
155 1
156 1
157 2
158 2
159 1
160 2
161 2
162 2
163 1
164 1
165 2
166 1
167 2
168 2
169 1
170 2
171 1
172 2
173 2
174 2
175 1
176 1
177 2
178 2
179 1
180 2
181 1
182 2
183 2
184 1
185 1
186 1
187 1
188 1
189 1
190 2
191 2
192 2
193 2
194 2
195 2
196 1
197 2
198 1
199 1
200 2
201 1
202 1
203 2
204 2
205 2
206 1
207 2
208 2
209 2
210 1
211 1
212 1
213 1
214 1
215 2
216 2
217 2
218 2
219 2
220 2
221 1
222 2
223 2
224 1
225 2
226 2
227 2
228 1
229 2
230 1
231 1
232 2
233 2
234 2
235 1
236 1
237 2
238 2
239 2
240 2
241 1
242 1
243 2
244 1
245 2
246 2
247 2
248 2
249 2
250 2
251 2
252 1
253 1
254 2
255 2
256 1
257 1
258 2
259 2
260 1
261 1
262 2
263 2
264 2
265 2
266 2
267 2
268 2
269 2
270 1
271 2
272 2
273 2
274 1
275 1
276 1
277 2
278 1
279 1
280 1
281 2
282 2
283 1
284 2
285 2
286 2
287 1
288 2
289 1
290 2
291 1
292 2
293 1
294 2
295 1
296 1
297 2
298 1
299 1
300 1
301 2
302 1
303 2
304 1
305 1
306 1
307 1
308 2
309 1
310 2
311 1
312 1
313 2
314 1
315 1
316 1
317 1
318 1
319 2
320 2
321 2
322 2
323 1
324 1
325 2
326 2
327 1
328 1
329 1
330 1
331 2
332 2
333 2
334 1
335 2
336 2
337 1
338 2
339 1
340 1
341 2
342 2
343 1
344 2
345 2
346 1
347 2
348 2
349 1
350 2
351 2
352 2
353 2
354 1
355 2
356 2
357 2
358 2
359 1
360 2
361 2
362 2
363 2
364 1
365 2
366 1
367 1
368 2
369 2
370 2
371 1
372 2
373 1
374 2
375 1
376 2
377 2
378 2
379 1
380 2
381 2
382 1
383 2
384 2
385 2
386 2
387 1
388 1
389 2
390 2
391 2
392 2
393 1
394 2
395 2
396 2
397 2
398 1
399 2
400 2
