// obj: 1467.0
// running_duration: 3600.0640280246735
// gap: 0.044989775051124746
// obj_bound: 1533.0
// time_limit: ('TIME_LIMIT', <class 'float'>, 3600.0, 0.0, inf, inf)
// num_nodes: 500
1 2
2 1
3 2
4 1
5 2
6 2
7 2
8 1
9 1
10 2
11 2
12 2
13 1
14 1
15 2
16 1
17 1
18 2
19 1
20 1
21 2
22 2
23 2
24 1
25 1
26 1
27 1
28 1
29 2
30 1
31 1
32 2
33 2
34 1
35 2
36 1
37 1
38 1
39 1
40 1
41 1
42 1
43 2
44 1
45 1
46 1
47 1
48 2
49 2
50 1
51 2
52 1
53 2
54 2
55 2
56 1
57 2
58 1
59 1
60 1
61 1
62 2
63 1
64 1
65 1
66 2
67 2
68 1
69 1
70 1
71 1
72 1
73 1
74 2
75 2
76 1
77 2
78 1
79 1
80 2
81 2
82 2
83 1
84 1
85 1
86 1
87 2
88 2
89 2
90 2
91 1
92 2
93 1
94 2
95 2
96 2
97 1
98 2
99 2
100 1
101 2
102 1
103 1
104 2
105 1
106 2
107 2
108 2
109 2
110 2
111 2
112 2
113 1
114 2
115 2
116 1
117 1
118 2
119 2
120 1
121 1
122 2
123 2
124 1
125 2
126 2
127 1
128 2
129 2
130 1
131 2
132 1
133 1
134 2
135 1
136 2
137 1
138 1
139 2
140 1
141 1
142 2
143 2
144 2
145 2
146 2
147 1
148 2
149 1
150 2
151 2
152 1
153 2
154 1
155 1
156 2
157 2
158 1
159 1
160 1
161 2
162 1
163 2
164 2
165 1
166 1
167 2
168 1
169 2
170 2
171 1
172 2
173 2
174 1
175 2
176 1
177 2
178 1
179 2
180 1
181 1
182 1
183 1
184 2
185 2
186 2
187 1
188 2
189 2
190 2
191 1
192 1
193 2
194 2
195 2
196 2
197 2
198 2
199 1
200 1
201 2
202 2
203 2
204 1
205 1
206 2
207 1
208 2
209 1
210 1
211 1
212 1
213 1
214 2
215 2
216 1
217 1
218 1
219 2
220 2
221 1
222 2
223 1
224 2
225 1
226 2
227 1
228 1
229 1
230 1
231 2
232 1
233 1
234 2
235 2
236 1
237 2
238 2
239 2
240 2
241 2
242 2
243 1
244 2
245 2
246 1
247 2
248 2
249 1
250 1
251 1
252 2
253 2
254 2
255 2
256 1
257 2
258 1
259 2
260 1
261 1
262 2
263 2
264 2
265 2
266 2
267 1
268 2
269 2
270 1
271 2
272 1
273 2
274 1
275 1
276 1
277 2
278 1
279 1
280 1
281 2
282 2
283 2
284 1
285 2
286 1
287 1
288 2
289 1
290 2
291 1
292 1
293 2
294 1
295 1
296 2
297 1
298 1
299 1
300 1
301 1
302 2
303 1
304 1
305 1
306 1
307 2
308 1
309 2
310 1
311 2
312 1
313 2
314 2
315 2
316 1
317 2
318 1
319 1
320 2
321 1
322 2
323 2
324 1
325 1
326 2
327 1
328 2
329 2
330 2
331 1
332 2
333 2
334 1
335 2
336 2
337 1
338 2
339 1
340 1
341 1
342 1
343 2
344 2
345 2
346 1
347 1
348 1
349 2
350 2
351 1
352 2
353 2
354 2
355 2
356 1
357 1
358 1
359 1
360 2
361 1
362 2
363 1
364 1
365 2
366 2
367 1
368 2
369 2
370 1
371 1
372 1
373 1
374 2
375 1
376 2
377 1
378 2
379 2
380 1
381 2
382 2
383 1
384 2
385 2
386 2
387 1
388 2
389 2
390 2
391 1
392 2
393 2
394 1
395 2
396 1
397 1
398 1
399 2
400 1
401 2
402 1
403 2
404 1
405 2
406 2
407 1
408 2
409 1
410 1
411 2
412 2
413 1
414 1
415 2
416 1
417 1
418 1
419 1
420 2
421 2
422 2
423 2
424 2
425 2
426 1
427 1
428 1
429 1
430 1
431 1
432 2
433 1
434 1
435 1
436 1
437 2
438 2
439 1
440 2
441 1
442 1
443 1
444 1
445 1
446 1
447 2
448 2
449 1
450 2
451 1
452 1
453 2
454 2
455 1
456 2
457 1
458 2
459 2
460 1
461 1
462 1
463 1
464 2
465 1
466 2
467 1
468 1
469 1
470 2
471 2
472 2
473 1
474 1
475 1
476 2
477 2
478 1
479 1
480 2
481 2
482 2
483 1
484 2
485 2
486 1
487 2
488 2
489 2
490 1
491 1
492 1
493 1
494 2
495 1
496 1
497 2
498 1
499 2
500 2
