// obj: 585.0
// running_duration: 22.239821910858154
// gap: 0.0
// obj_bound: 585.0
// time_limit: ('TIME_LIMIT', <class 'float'>, 3600.0, 0.0, inf, inf)
// num_nodes: 200
1 1
2 1
3 2
4 2
5 1
6 1
7 2
8 1
9 1
10 2
11 2
12 2
13 2
14 2
15 1
16 1
17 1
18 1
19 1
20 1
21 1
22 2
23 2
24 2
25 2
26 2
27 1
28 2
29 1
30 2
31 1
32 1
33 1
34 1
35 2
36 2
37 2
38 2
39 1
40 2
41 1
42 2
43 2
44 1
45 1
46 2
47 2
48 1
49 2
50 1
51 2
52 2
53 2
54 2
55 1
56 2
57 2
58 2
59 1
60 1
61 2
62 1
63 1
64 2
65 2
66 2
67 2
68 1
69 1
70 2
71 1
72 2
73 2
74 2
75 2
76 1
77 2
78 1
79 1
80 1
81 1
82 2
83 1
84 1
85 1
86 2
87 1
88 1
89 2
90 1
91 2
92 1
93 1
94 2
95 1
96 2
97 2
98 2
99 1
100 1
101 2
102 2
103 2
104 1
105 2
106 2
107 1
108 2
109 2
110 2
111 2
112 2
113 1
114 2
115 2
116 1
117 2
118 2
119 1
120 1
121 1
122 1
123 2
124 1
125 1
126 2
127 1
128 2
129 2
130 1
131 2
132 1
133 1
134 1
135 1
136 1
137 2
138 1
139 2
140 1
141 2
142 2
143 2
144 1
145 1
146 1
147 2
148 2
149 2
150 1
151 2
152 1
153 1
154 1
155 2
156 1
157 1
158 1
159 1
160 1
161 1
162 1
163 1
164 1
165 1
166 2
167 1
168 1
169 1
170 2
171 2
172 2
173 2
174 1
175 2
176 2
177 2
178 2
179 2
180 2
181 1
182 2
183 2
184 1
185 1
186 2
187 2
188 2
189 1
190 1
191 1
192 1
193 2
194 2
195 1
196 2
197 1
198 1
199 1
200 2
