// obj: 875.0
// running_duration: 453.7182319164276
// gap: 0.0
// obj_bound: 875.0
// time_limit: ('TIME_LIMIT', <class 'float'>, 3600.0, 0.0, inf, inf)
// num_nodes: 300
1 2
2 1
3 1
4 1
5 1
6 2
7 1
8 2
9 1
10 1
11 2
12 1
13 1
14 2
15 2
16 2
17 1
18 2
19 2
20 2
21 1
22 1
23 2
24 1
25 2
26 1
27 2
28 2
29 2
30 1
31 1
32 1
33 2
34 1
35 1
36 2
37 1
38 2
39 1
40 2
41 1
42 1
43 1
44 1
45 1
46 1
47 2
48 1
49 1
50 1
51 2
52 2
53 2
54 2
55 1
56 2
57 2
58 2
59 2
60 2
61 1
62 2
63 2
64 2
65 2
66 2
67 1
68 1
69 2
70 2
71 1
72 1
73 2
74 1
75 2
76 1
77 2
78 2
79 1
80 1
81 2
82 2
83 2
84 1
85 2
86 2
87 2
88 1
89 2
90 1
91 1
92 2
93 2
94 2
95 2
96 2
97 2
98 1
99 1
100 2
101 2
102 1
103 2
104 1
105 1
106 1
107 2
108 2
109 1
110 1
111 2
112 1
113 2
114 2
115 1
116 1
117 2
118 1
119 2
120 2
121 2
122 1
123 2
124 1
125 1
126 2
127 1
128 2
129 2
130 2
131 1
132 2
133 2
134 1
135 1
136 2
137 1
138 1
139 2
140 1
141 1
142 2
143 1
144 2
145 1
146 2
147 1
148 2
149 2
150 2
151 2
152 1
153 2
154 1
155 2
156 1
157 2
158 1
159 1
160 1
161 2
162 2
163 1
164 1
165 2
166 2
167 1
168 1
169 2
170 1
171 2
172 1
173 2
174 2
175 2
176 1
177 2
178 2
179 2
180 2
181 2
182 2
183 1
184 2
185 2
186 2
187 2
188 2
189 1
190 2
191 1
192 2
193 1
194 1
195 1
196 1
197 2
198 2
199 1
200 2
201 2
202 1
203 2
204 1
205 1
206 1
207 1
208 2
209 1
210 2
211 2
212 2
213 2
214 2
215 1
216 2
217 1
218 1
219 1
220 2
221 2
222 2
223 2
224 2
225 2
226 1
227 1
228 1
229 2
230 1
231 1
232 1
233 2
234 2
235 1
236 2
237 2
238 1
239 1
240 2
241 2
242 2
243 2
244 2
245 1
246 2
247 2
248 2
249 2
250 2
251 2
252 2
253 1
254 1
255 2
256 1
257 2
258 2
259 2
260 2
261 2
262 1
263 1
264 1
265 1
266 2
267 2
268 2
269 2
270 2
271 2
272 1
273 1
274 2
275 1
276 1
277 2
278 1
279 1
280 1
281 2
282 2
283 2
284 2
285 1
286 2
287 2
288 2
289 1
290 1
291 1
292 2
293 1
294 1
295 1
296 1
297 2
298 1
299 1
300 2
