// obj: 581.0
// running_duration: 36.18845796585083
// gap: 0.0
// obj_bound: 581.0
// time_limit: ('TIME_LIMIT', <class 'float'>, 3600.0, 0.0, inf, inf)
// num_nodes: 200
1 2
2 1
3 1
4 1
5 2
6 1
7 1
8 2
9 1
10 1
11 1
12 1
13 2
14 1
15 2
16 2
17 2
18 1
19 2
20 1
21 2
22 2
23 1
24 2
25 2
26 2
27 2
28 2
29 1
30 2
31 1
32 1
33 2
34 1
35 1
36 2
37 1
38 2
39 2
40 1
41 2
42 2
43 2
44 1
45 1
46 2
47 1
48 2
49 2
50 1
51 1
52 2
53 1
54 2
55 2
56 1
57 1
58 2
59 2
60 2
61 2
62 1
63 2
64 1
65 1
66 1
67 1
68 1
69 1
70 1
71 2
72 1
73 2
74 2
75 1
76 1
77 2
78 2
79 2
80 2
81 1
82 1
83 2
84 1
85 2
86 2
87 1
88 1
89 2
90 2
91 1
92 2
93 2
94 1
95 2
96 2
97 1
98 2
99 2
100 2
101 2
102 1
103 1
104 2
105 2
106 1
107 1
108 2
109 2
110 1
111 2
112 2
113 1
114 1
115 1
116 1
117 1
118 1
119 2
120 1
121 1
122 1
123 1
124 2
125 2
126 2
127 1
128 1
129 2
130 1
131 2
132 2
133 1
134 1
135 1
136 2
137 1
138 1
139 2
140 1
141 2
142 2
143 1
144 2
145 2
146 1
147 2
148 2
149 1
150 2
151 2
152 1
153 1
154 1
155 1
156 2
157 2
158 1
159 1
160 2
161 2
162 1
163 1
164 2
165 1
166 1
167 1
168 2
169 1
170 1
171 1
172 1
173 2
174 1
175 1
176 2
177 2
178 2
179 1
180 2
181 1
182 2
183 1
184 1
185 1
186 2
187 1
188 1
189 2
190 2
191 2
192 2
193 1
194 1
195 1
196 2
197 1
198 2
199 1
200 2
