// obj: 1468.0
// running_duration: 3600.098363876343
// gap: 0.051771117166212535
// obj_bound: 1544.0
// time_limit: ('TIME_LIMIT', <class 'float'>, 3600.0, 0.0, inf, inf)
// num_nodes: 500
1 1
2 2
3 2
4 2
5 1
6 1
7 1
8 2
9 1
10 2
11 1
12 1
13 1
14 2
15 2
16 1
17 1
18 1
19 1
20 2
21 1
22 2
23 1
24 1
25 1
26 2
27 1
28 1
29 2
30 2
31 2
32 1
33 2
34 2
35 2
36 2
37 1
38 1
39 2
40 2
41 2
42 2
43 2
44 2
45 2
46 2
47 2
48 1
49 2
50 1
51 1
52 2
53 1
54 2
55 2
56 2
57 1
58 1
59 2
60 1
61 2
62 1
63 1
64 2
65 2
66 1
67 1
68 1
69 1
70 2
71 1
72 1
73 2
74 1
75 1
76 1
77 1
78 2
79 1
80 1
81 1
82 2
83 1
84 2
85 1
86 2
87 2
88 2
89 2
90 1
91 2
92 1
93 1
94 1
95 2
96 2
97 1
98 2
99 1
100 1
101 1
102 1
103 2
104 2
105 1
106 1
107 1
108 2
109 1
110 1
111 2
112 1
113 1
114 2
115 2
116 1
117 1
118 1
119 2
120 1
121 2
122 2
123 2
124 2
125 1
126 2
127 2
128 1
129 1
130 2
131 2
132 1
133 1
134 1
135 2
136 1
137 2
138 2
139 1
140 1
141 2
142 2
143 1
144 2
145 1
146 1
147 1
148 2
149 1
150 2
151 1
152 1
153 2
154 1
155 2
156 2
157 2
158 2
159 1
160 2
161 2
162 1
163 1
164 2
165 1
166 2
167 2
168 1
169 2
170 1
171 1
172 1
173 1
174 2
175 1
176 2
177 2
178 1
179 1
180 2
181 1
182 2
183 2
184 2
185 1
186 1
187 1
188 2
189 1
190 1
191 2
192 2
193 1
194 2
195 1
196 1
197 1
198 2
199 1
200 1
201 2
202 1
203 2
204 2
205 2
206 2
207 2
208 2
209 1
210 2
211 2
212 2
213 2
214 2
215 1
216 1
217 2
218 1
219 2
220 2
221 2
222 2
223 2
224 1
225 2
226 2
227 2
228 1
229 1
230 2
231 2
232 2
233 2
234 2
235 2
236 2
237 1
238 1
239 1
240 2
241 2
242 2
243 2
244 1
245 1
246 2
247 1
248 1
249 1
250 1
251 1
252 2
253 1
254 2
255 2
256 2
257 2
258 1
259 2
260 1
261 1
262 2
263 2
264 2
265 1
266 2
267 1
268 2
269 2
270 1
271 1
272 1
273 2
274 2
275 1
276 2
277 1
278 1
279 1
280 2
281 2
282 2
283 1
284 1
285 1
286 1
287 2
288 1
289 1
290 1
291 1
292 1
293 2
294 1
295 1
296 1
297 2
298 1
299 2
300 1
301 2
302 1
303 1
304 1
305 1
306 2
307 2
308 1
309 1
310 1
311 1
312 2
313 2
314 1
315 2
316 2
317 1
318 1
319 2
320 2
321 1
322 1
323 1
324 1
325 2
326 2
327 2
328 1
329 2
330 2
331 2
332 2
333 2
334 2
335 2
336 1
337 2
338 1
339 1
340 1
341 1
342 2
343 1
344 1
345 1
346 2
347 2
348 1
349 2
350 2
351 1
352 2
353 2
354 1
355 1
356 1
357 1
358 2
359 2
360 1
361 2
362 1
363 1
364 1
365 1
366 1
367 1
368 1
369 1
370 2
371 2
372 1
373 2
374 1
375 1
376 1
377 1
378 2
379 1
380 1
381 1
382 2
383 1
384 1
385 2
386 1
387 2
388 1
389 2
390 1
391 2
392 1
393 1
394 2
395 1
396 1
397 1
398 2
399 2
400 1
401 1
402 2
403 2
404 1
405 1
406 1
407 2
408 1
409 2
410 1
411 2
412 1
413 1
414 1
415 1
416 2
417 2
418 1
419 2
420 1
421 1
422 2
423 2
424 2
425 2
426 2
427 1
428 1
429 1
430 2
431 1
432 1
433 2
434 2
435 1
436 2
437 2
438 2
439 1
440 1
441 1
442 1
443 1
444 2
445 1
446 1
447 1
448 1
449 1
450 2
451 1
452 2
453 2
454 2
455 1
456 1
457 1
458 2
459 1
460 2
461 2
462 1
463 1
464 1
465 2
466 1
467 1
468 2
469 2
470 1
471 1
472 1
473 2
474 1
475 2
476 2
477 1
478 1
479 2
480 2
481 2
482 1
483 1
484 2
485 2
486 2
487 1
488 2
489 2
490 1
491 2
492 2
493 2
494 1
495 1
496 1
497 1
498 2
499 1
500 1
