// obj: 284.0
// running_duration: 0.41986799240112305
// gap: 0.0
// obj_bound: 284.0
// time_limit: ('TIME_LIMIT', <class 'float'>, 3600.0, 0.0, inf, inf)
// num_nodes: 100
1 1
2 1
3 1
4 2
5 2
6 1
7 1
8 1
9 2
10 2
11 2
12 2
13 2
14 1
15 2
16 2
17 2
18 2
19 2
20 1
21 1
22 1
23 2
24 2
25 2
26 2
27 1
28 2
29 1
30 2
31 1
32 2
33 2
34 1
35 2
36 2
37 1
38 1
39 1
40 1
41 1
42 2
43 2
44 1
45 1
46 2
47 2
48 2
49 1
50 1
51 1
52 2
53 2
54 2
55 1
56 2
57 2
58 1
59 1
60 2
61 2
62 1
63 2
64 2
65 1
66 2
67 1
68 1
69 2
70 1
71 2
72 2
73 2
74 1
75 1
76 2
77 1
78 2
79 2
80 1
81 2
82 1
83 2
84 2
85 2
86 2
87 1
88 1
89 2
90 2
91 1
92 1
93 1
94 2
95 2
96 1
97 2
98 2
99 2
100 1
