// obj: 574.0
// running_duration: 59.63771915435791
// gap: 0.0
// obj_bound: 574.0
// time_limit: ('TIME_LIMIT', <class 'float'>, 3600.0, 0.0, inf, inf)
// num_nodes: 200
1 2
2 1
3 2
4 1
5 1
6 1
7 2
8 1
9 2
10 2
11 2
12 1
13 1
14 1
15 1
16 2
17 2
18 1
19 2
20 2
21 2
22 2
23 2
24 2
25 1
26 1
27 2
28 1
29 2
30 2
31 2
32 1
33 2
34 1
35 2
36 1
37 1
38 1
39 2
40 1
41 1
42 2
43 1
44 2
45 2
46 1
47 1
48 1
49 2
50 1
51 1
52 1
53 2
54 2
55 2
56 2
57 2
58 1
59 2
60 1
61 1
62 2
63 2
64 1
65 2
66 1
67 1
68 1
69 1
70 2
71 1
72 2
73 1
74 1
75 2
76 1
77 2
78 2
79 1
80 1
81 2
82 2
83 2
84 1
85 1
86 2
87 2
88 1
89 1
90 1
91 2
92 1
93 2
94 1
95 2
96 2
97 1
98 2
99 1
100 1
101 2
102 1
103 1
104 2
105 2
106 1
107 2
108 2
109 1
110 2
111 2
112 1
113 2
114 1
115 1
116 1
117 2
118 2
119 2
120 1
121 1
122 2
123 1
124 2
125 1
126 2
127 1
128 1
129 1
130 1
131 1
132 2
133 1
134 2
135 2
136 1
137 1
138 2
139 2
140 1
141 2
142 1
143 2
144 2
145 2
146 1
147 1
148 1
149 1
150 1
151 2
152 1
153 1
154 1
155 1
156 2
157 1
158 2
159 2
160 1
161 1
162 2
163 1
164 1
165 2
166 1
167 1
168 2
169 1
170 1
171 2
172 2
173 1
174 1
175 2
176 2
177 2
178 2
179 1
180 2
181 2
182 2
183 1
184 1
185 2
186 1
187 2
188 1
189 1
190 2
191 1
192 1
193 2
194 1
195 2
196 1
197 2
198 2
199 2
200 1
