// obj: 1458.0
// running_duration: 3600.210819005966
// gap: 0.043209876543209874
// obj_bound: 1521.0
// time_limit: ('TIME_LIMIT', <class 'float'>, 3600.0, 0.0, inf, inf)
// num_nodes: 500
1 2
2 2
3 1
4 2
5 1
6 1
7 2
8 1
9 1
10 1
11 2
12 2
13 1
14 1
15 1
16 1
17 1
18 1
19 2
20 1
21 2
22 2
23 2
24 1
25 2
26 2
27 2
28 2
29 1
30 1
31 1
32 1
33 1
34 1
35 1
36 2
37 2
38 2
39 1
40 2
41 1
42 2
43 2
44 2
45 2
46 2
47 1
48 2
49 1
50 2
51 1
52 2
53 2
54 2
55 2
56 2
57 2
58 1
59 1
60 2
61 1
62 2
63 1
64 2
65 2
66 1
67 2
68 1
69 1
70 1
71 2
72 1
73 1
74 2
75 2
76 2
77 1
78 1
79 2
80 1
81 2
82 1
83 2
84 1
85 2
86 1
87 2
88 2
89 2
90 2
91 2
92 1
93 2
94 2
95 1
96 1
97 1
98 2
99 2
100 2
101 1
102 2
103 1
104 1
105 1
106 2
107 2
108 2
109 1
110 1
111 1
112 2
113 1
114 2
115 2
116 2
117 2
118 2
119 1
120 2
121 1
122 2
123 1
124 1
125 1
126 1
127 2
128 2
129 2
130 1
131 1
132 2
133 2
134 1
135 2
136 1
137 2
138 2
139 1
140 2
141 1
142 2
143 1
144 1
145 1
146 2
147 1
148 2
149 1
150 2
151 1
152 2
153 2
154 2
155 2
156 2
157 1
158 2
159 1
160 2
161 1
162 2
163 1
164 2
165 2
166 1
167 2
168 1
169 2
170 1
171 2
172 1
173 2
174 2
175 2
176 1
177 2
178 2
179 2
180 2
181 1
182 2
183 1
184 2
185 2
186 2
187 2
188 2
189 2
190 1
191 2
192 2
193 1
194 2
195 1
196 2
197 1
198 1
199 1
200 2
201 2
202 2
203 1
204 1
205 1
206 1
207 2
208 2
209 1
210 2
211 1
212 1
213 1
214 2
215 1
216 1
217 2
218 1
219 2
220 2
221 2
222 2
223 2
224 2
225 1
226 1
227 1
228 2
229 1
230 2
231 1
232 1
233 1
234 2
235 1
236 1
237 1
238 2
239 2
240 2
241 2
242 2
243 2
244 1
245 1
246 1
247 1
248 1
249 1
250 1
251 1
252 1
253 1
254 2
255 2
256 1
257 1
258 2
259 2
260 2
261 1
262 2
263 1
264 2
265 2
266 1
267 1
268 1
269 1
270 2
271 2
272 1
273 1
274 1
275 2
276 2
277 1
278 2
279 2
280 1
281 2
282 2
283 1
284 2
285 2
286 1
287 2
288 1
289 1
290 2
291 2
292 1
293 2
294 2
295 2
296 1
297 2
298 1
299 2
300 2
301 2
302 2
303 1
304 2
305 1
306 1
307 1
308 1
309 1
310 1
311 1
312 1
313 2
314 1
315 2
316 1
317 1
318 2
319 2
320 1
321 2
322 2
323 1
324 1
325 1
326 2
327 1
328 1
329 2
330 1
331 1
332 1
333 2
334 1
335 2
336 1
337 2
338 2
339 1
340 1
341 1
342 1
343 1
344 2
345 2
346 1
347 2
348 2
349 1
350 1
351 1
352 1
353 2
354 2
355 1
356 1
357 1
358 2
359 2
360 2
361 1
362 2
363 2
364 1
365 1
366 2
367 2
368 2
369 2
370 1
371 2
372 1
373 1
374 1
375 2
376 2
377 1
378 2
379 1
380 1
381 2
382 2
383 1
384 2
385 2
386 1
387 1
388 2
389 2
390 2
391 1
392 1
393 2
394 1
395 1
396 2
397 2
398 1
399 2
400 2
401 1
402 1
403 2
404 2
405 2
406 1
407 2
408 2
409 1
410 1
411 2
412 1
413 1
414 2
415 2
416 1
417 1
418 2
419 2
420 2
421 2
422 1
423 2
424 2
425 1
426 2
427 2
428 2
429 1
430 2
431 1
432 1
433 1
434 1
435 2
436 1
437 1
438 2
439 1
440 1
441 1
442 2
443 2
444 1
445 2
446 1
447 1
448 2
449 2
450 1
451 1
452 1
453 2
454 2
455 2
456 2
457 1
458 2
459 1
460 1
461 1
462 1
463 1
464 1
465 1
466 2
467 2
468 1
469 1
470 2
471 2
472 2
473 1
474 1
475 1
476 2
477 2
478 2
479 2
480 2
481 2
482 2
483 2
484 2
485 2
486 2
487 1
488 1
489 1
490 2
491 1
492 1
493 2
494 2
495 1
496 1
497 1
498 2
499 2
500 1
