// obj: 578.0
// running_duration: 33.65929985046387
// gap: 0.0
// obj_bound: 578.0
// time_limit: ('TIME_LIMIT', <class 'float'>, 3600.0, 0.0, inf, inf)
// num_nodes: 200
1 1
2 2
3 2
4 1
5 2
6 1
7 1
8 1
9 1
10 2
11 1
12 1
13 1
14 2
15 2
16 2
17 1
18 2
19 2
20 2
21 1
22 2
23 2
24 1
25 2
26 1
27 1
28 2
29 2
30 1
31 1
32 2
33 2
34 2
35 2
36 1
37 1
38 1
39 2
40 2
41 1
42 1
43 1
44 2
45 1
46 1
47 1
48 1
49 2
50 2
51 1
52 1
53 1
54 1
55 2
56 1
57 1
58 1
59 2
60 1
61 1
62 2
63 1
64 2
65 1
66 1
67 1
68 2
69 1
70 1
71 1
72 2
73 2
74 1
75 2
76 2
77 2
78 1
79 2
80 2
81 2
82 1
83 1
84 1
85 1
86 1
87 2
88 2
89 1
90 2
91 1
92 1
93 2
94 1
95 2
96 2
97 2
98 2
99 1
100 2
101 1
102 2
103 2
104 2
105 2
106 2
107 1
108 2
109 1
110 1
111 2
112 1
113 1
114 2
115 2
116 2
117 2
118 2
119 1
120 1
121 1
122 2
123 2
124 1
125 2
126 2
127 2
128 2
129 1
130 1
131 2
132 1
133 1
134 2
135 1
136 1
137 1
138 1
139 1
140 2
141 1
142 2
143 1
144 2
145 2
146 2
147 2
148 2
149 2
150 2
151 1
152 1
153 2
154 2
155 2
156 1
157 1
158 1
159 2
160 2
161 2
162 2
163 1
164 1
165 1
166 1
167 1
168 2
169 2
170 2
171 2
172 2
173 1
174 2
175 2
176 2
177 1
178 1
179 1
180 1
181 2
182 2
183 2
184 1
185 1
186 2
187 2
188 1
189 1
190 2
191 1
192 2
193 1
194 2
195 2
196 1
197 1
198 1
199 2
200 1
