// obj: 1465.0
// running_duration: 3600.0563230514526
// gap: 0.018430034129692834
// obj_bound: 1492.0
// time_limit: ('TIME_LIMIT', <class 'float'>, 3600.0, 0.0, inf, inf)
// num_nodes: 500
1 1
2 1
3 2
4 1
5 1
6 1
7 1
8 2
9 1
10 1
11 1
12 2
13 2
14 2
15 1
16 1
17 1
18 2
19 2
20 1
21 2
22 2
23 2
24 2
25 2
26 1
27 1
28 1
29 2
30 2
31 2
32 1
33 2
34 2
35 2
36 1
37 1
38 2
39 2
40 2
41 1
42 1
43 1
44 2
45 1
46 2
47 2
48 1
49 1
50 2
51 1
52 1
53 2
54 2
55 1
56 1
57 2
58 1
59 2
60 1
61 2
62 2
63 2
64 1
65 2
66 1
67 2
68 1
69 2
70 2
71 1
72 2
73 2
74 2
75 2
76 1
77 2
78 1
79 1
80 1
81 1
82 2
83 1
84 1
85 2
86 2
87 2
88 2
89 1
90 2
91 2
92 2
93 2
94 1
95 2
96 1
97 1
98 2
99 1
100 2
101 2
102 2
103 1
104 2
105 2
106 2
107 2
108 1
109 2
110 2
111 2
112 2
113 2
114 1
115 1
116 2
117 1
118 1
119 2
120 2
121 1
122 2
123 1
124 2
125 1
126 2
127 2
128 1
129 1
130 2
131 2
132 2
133 2
134 1
135 2
136 1
137 2
138 1
139 2
140 1
141 2
142 1
143 2
144 2
145 2
146 1
147 2
148 2
149 1
150 1
151 2
152 2
153 1
154 2
155 1
156 2
157 2
158 2
159 2
160 2
161 1
162 1
163 2
164 2
165 1
166 2
167 2
168 1
169 2
170 1
171 1
172 1
173 1
174 2
175 2
176 2
177 1
178 1
179 1
180 1
181 2
182 1
183 1
184 1
185 2
186 2
187 2
188 2
189 1
190 2
191 1
192 1
193 1
194 1
195 2
196 2
197 1
198 1
199 1
200 1
201 2
202 1
203 2
204 1
205 2
206 2
207 1
208 1
209 2
210 2
211 2
212 1
213 1
214 1
215 2
216 1
217 1
218 2
219 1
220 2
221 1
222 1
223 1
224 2
225 2
226 2
227 2
228 2
229 2
230 2
231 2
232 1
233 2
234 2
235 1
236 2
237 1
238 1
239 2
240 2
241 2
242 1
243 1
244 2
245 1
246 1
247 2
248 1
249 1
250 2
251 1
252 2
253 1
254 1
255 1
256 1
257 2
258 2
259 1
260 1
261 1
262 1
263 1
264 1
265 1
266 2
267 1
268 2
269 1
270 1
271 1
272 2
273 1
274 2
275 2
276 1
277 1
278 1
279 2
280 1
281 2
282 1
283 1
284 1
285 1
286 2
287 1
288 2
289 2
290 1
291 2
292 2
293 2
294 1
295 2
296 1
297 1
298 1
299 1
300 1
301 2
302 2
303 1
304 1
305 2
306 1
307 1
308 1
309 2
310 1
311 1
312 1
313 1
314 2
315 1
316 2
317 2
318 2
319 2
320 1
321 2
322 1
323 1
324 2
325 2
326 1
327 1
328 2
329 1
330 1
331 1
332 1
333 1
334 1
335 2
336 2
337 2
338 2
339 1
340 1
341 2
342 2
343 2
344 2
345 2
346 2
347 1
348 1
349 2
350 1
351 2
352 2
353 2
354 1
355 2
356 1
357 1
358 2
359 1
360 1
361 1
362 1
363 1
364 2
365 2
366 1
367 2
368 2
369 2
370 2
371 2
372 2
373 2
374 2
375 1
376 2
377 1
378 2
379 2
380 1
381 1
382 2
383 2
384 1
385 2
386 2
387 2
388 1
389 1
390 1
391 2
392 1
393 2
394 2
395 2
396 1
397 2
398 2
399 2
400 2
401 2
402 2
403 1
404 1
405 1
406 2
407 2
408 2
409 2
410 2
411 2
412 2
413 2
414 2
415 1
416 2
417 2
418 1
419 2
420 1
421 1
422 1
423 1
424 2
425 2
426 2
427 2
428 2
429 2
430 1
431 1
432 1
433 1
434 2
435 2
436 2
437 2
438 1
439 1
440 1
441 2
442 2
443 2
444 2
445 2
446 2
447 2
448 2
449 2
450 2
451 1
452 1
453 1
454 1
455 2
456 2
457 1
458 2
459 2
460 2
461 1
462 1
463 1
464 1
465 1
466 1
467 1
468 2
469 2
470 2
471 2
472 2
473 1
474 1
475 2
476 2
477 2
478 1
479 2
480 2
481 1
482 2
483 1
484 1
485 1
486 1
487 2
488 2
489 1
490 1
491 2
492 2
493 2
494 2
495 2
496 2
497 2
498 2
499 1
500 2
