// obj: 282.0
// running_duration: 0.4506239891052246
// gap: 0.0
// obj_bound: 282.0
// time_limit: ('TIME_LIMIT', <class 'float'>, 3600.0, 0.0, inf, inf)
// num_nodes: 100
1 2
2 1
3 2
4 1
5 2
6 1
7 1
8 1
9 2
10 1
11 2
12 1
13 1
14 1
15 1
16 2
17 2
18 1
19 1
20 2
21 2
22 2
23 2
24 2
25 1
26 2
27 2
28 1
29 1
30 2
31 2
32 1
33 1
34 2
35 2
36 1
37 2
38 2
39 1
40 2
41 2
42 1
43 1
44 2
45 1
46 2
47 1
48 1
49 2
50 2
51 2
52 1
53 2
54 2
55 1
56 2
57 2
58 2
59 1
60 1
61 2
62 2
63 2
64 1
65 1
66 2
67 1
68 1
69 2
70 1
71 1
72 1
73 1
74 2
75 1
76 1
77 2
78 1
79 2
80 2
81 1
82 1
83 2
84 1
85 2
86 2
87 1
88 2
89 2
90 1
91 1
92 1
93 2
94 2
95 2
96 2
97 2
98 2
99 2
100 1
