// obj: 1182.0
// running_duration: 3600.041646003723
// gap: 0.009306260575296108
// obj_bound: 1193.0
// time_limit: ('TIME_LIMIT', <class 'float'>, 3600.0, 0.0, inf, inf)
// num_nodes: 400
1 1
2 2
3 1
4 1
5 2
6 2
7 1
8 1
9 1
10 1
11 2
12 1
13 2
14 2
15 2
16 1
17 1
18 2
19 2
20 2
21 2
22 1
23 2
24 2
25 2
26 2
27 1
28 1
29 2
30 1
31 2
32 1
33 2
34 2
35 1
36 2
37 1
38 1
39 2
40 1
41 1
42 1
43 2
44 1
45 2
46 2
47 1
48 1
49 1
50 1
51 1
52 2
53 1
54 2
55 2
56 1
57 1
58 2
59 2
60 1
61 1
62 1
63 1
64 2
65 1
66 1
67 2
68 2
69 2
70 1
71 2
72 1
73 2
74 1
75 2
76 1
77 1
78 2
79 1
80 1
81 1
82 2
83 2
84 2
85 1
86 1
87 2
88 1
89 2
90 1
91 1
92 1
93 1
94 2
95 2
96 2
97 1
98 2
99 2
100 2
101 1
102 2
103 2
104 1
105 2
106 2
107 1
108 2
109 2
110 2
111 2
112 2
113 1
114 2
115 2
116 1
117 1
118 2
119 2
120 1
121 2
122 1
123 2
124 1
125 2
126 2
127 2
128 1
129 1
130 1
131 1
132 2
133 2
134 1
135 1
136 2
137 2
138 1
139 2
140 1
141 2
142 2
143 2
144 1
145 1
146 2
147 1
148 2
149 2
150 1
151 2
152 2
153 2
154 1
155 2
156 1
157 2
158 1
159 2
160 2
161 1
162 1
163 1
164 1
165 2
166 2
167 1
168 1
169 1
170 1
171 2
172 2
173 2
174 2
175 1
176 2
177 2
178 1
179 1
180 2
181 2
182 2
183 2
184 1
185 2
186 1
187 1
188 1
189 1
190 1
191 1
192 2
193 1
194 1
195 2
196 2
197 2
198 1
199 1
200 1
201 1
202 2
203 2
204 2
205 1
206 1
207 1
208 2
209 1
210 2
211 1
212 2
213 1
214 2
215 2
216 2
217 1
218 2
219 1
220 1
221 1
222 2
223 2
224 1
225 1
226 2
227 1
228 1
229 2
230 2
231 2
232 2
233 1
234 2
235 2
236 1
237 1
238 2
239 2
240 1
241 1
242 1
243 1
244 1
245 2
246 1
247 1
248 1
249 1
250 1
251 2
252 1
253 1
254 1
255 2
256 1
257 1
258 2
259 1
260 2
261 1
262 1
263 1
264 2
265 2
266 2
267 2
268 2
269 1
270 2
271 2
272 1
273 1
274 2
275 2
276 2
277 2
278 2
279 1
280 1
281 2
282 1
283 2
284 1
285 2
286 1
287 2
288 1
289 2
290 2
291 2
292 2
293 1
294 2
295 2
296 2
297 1
298 1
299 2
300 1
301 1
302 1
303 1
304 1
305 1
306 2
307 2
308 2
309 1
310 1
311 2
312 2
313 2
314 1
315 1
316 2
317 2
318 1
319 1
320 1
321 1
322 1
323 2
324 1
325 1
326 2
327 1
328 2
329 1
330 1
331 1
332 2
333 2
334 1
335 2
336 2
337 1
338 1
339 2
340 1
341 2
342 1
343 1
344 2
345 1
346 2
347 1
348 2
349 1
350 1
351 2
352 1
353 1
354 1
355 1
356 2
357 1
358 1
359 1
360 1
361 2
362 1
363 2
364 1
365 1
366 2
367 2
368 2
369 1
370 2
371 2
372 2
373 2
374 1
375 2
376 2
377 2
378 2
379 1
380 2
381 2
382 1
383 2
384 1
385 1
386 2
387 2
388 1
389 1
390 1
391 2
392 1
393 2
394 2
395 1
396 1
397 2
398 2
399 1
400 2
