// obj: 1465.0
// running_duration: 3600.1528878211975
// gap: 0.042320819112627986
// obj_bound: 1527.0
// time_limit: ('TIME_LIMIT', <class 'float'>, 3600.0, 0.0, inf, inf)
// num_nodes: 500
1 1
2 2
3 1
4 2
5 1
6 1
7 2
8 1
9 2
10 1
11 2
12 1
13 2
14 1
15 2
16 1
17 2
18 1
19 2
20 2
21 1
22 2
23 1
24 1
25 1
26 2
27 2
28 1
29 2
30 1
31 1
32 1
33 1
34 1
35 1
36 2
37 1
38 2
39 2
40 2
41 2
42 2
43 2
44 1
45 1
46 2
47 2
48 2
49 1
50 1
51 2
52 2
53 1
54 2
55 2
56 1
57 2
58 1
59 2
60 2
61 2
62 1
63 1
64 2
65 1
66 2
67 1
68 2
69 1
70 2
71 2
72 2
73 1
74 2
75 1
76 2
77 2
78 1
79 1
80 1
81 1
82 2
83 1
84 1
85 2
86 1
87 2
88 2
89 2
90 1
91 2
92 2
93 2
94 2
95 2
96 1
97 2
98 2
99 1
100 1
101 1
102 1
103 2
104 2
105 1
106 1
107 1
108 1
109 2
110 1
111 1
112 1
113 1
114 2
115 2
116 2
117 2
118 1
119 2
120 1
121 1
122 2
123 2
124 2
125 1
126 1
127 1
128 2
129 2
130 2
131 2
132 1
133 2
134 2
135 2
136 1
137 2
138 1
139 2
140 2
141 1
142 1
143 1
144 1
145 1
146 2
147 2
148 1
149 2
150 2
151 2
152 1
153 1
154 1
155 1
156 1
157 1
158 1
159 1
160 1
161 2
162 1
163 2
164 1
165 1
166 2
167 2
168 1
169 1
170 2
171 2
172 1
173 2
174 1
175 1
176 2
177 2
178 2
179 2
180 1
181 2
182 2
183 1
184 2
185 1
186 2
187 1
188 2
189 2
190 2
191 1
192 2
193 1
194 2
195 1
196 2
197 1
198 1
199 1
200 1
201 1
202 2
203 2
204 2
205 2
206 1
207 1
208 1
209 2
210 1
211 2
212 1
213 1
214 1
215 1
216 2
217 1
218 1
219 1
220 2
221 2
222 1
223 1
224 2
225 2
226 2
227 1
228 2
229 2
230 1
231 2
232 1
233 1
234 1
235 1
236 2
237 2
238 1
239 2
240 2
241 1
242 2
243 2
244 2
245 2
246 1
247 1
248 1
249 2
250 2
251 2
252 1
253 1
254 1
255 1
256 1
257 2
258 1
259 1
260 1
261 2
262 1
263 2
264 2
265 1
266 2
267 2
268 1
269 1
270 2
271 2
272 2
273 1
274 1
275 2
276 2
277 1
278 2
279 2
280 2
281 1
282 2
283 2
284 1
285 2
286 1
287 1
288 1
289 1
290 2
291 2
292 1
293 1
294 1
295 1
296 2
297 1
298 2
299 2
300 2
301 1
302 2
303 1
304 1
305 2
306 1
307 2
308 2
309 1
310 1
311 1
312 2
313 2
314 2
315 1
316 1
317 1
318 1
319 1
320 2
321 2
322 1
323 1
324 2
325 1
326 1
327 2
328 1
329 1
330 1
331 2
332 2
333 1
334 1
335 2
336 2
337 2
338 1
339 2
340 1
341 1
342 1
343 1
344 2
345 2
346 2
347 2
348 2
349 1
350 2
351 2
352 2
353 1
354 2
355 1
356 2
357 1
358 1
359 2
360 2
361 1
362 1
363 2
364 1
365 1
366 1
367 2
368 1
369 1
370 2
371 2
372 1
373 2
374 2
375 1
376 2
377 2
378 1
379 2
380 1
381 2
382 1
383 2
384 2
385 2
386 1
387 1
388 1
389 1
390 2
391 1
392 2
393 2
394 2
395 2
396 2
397 1
398 2
399 2
400 1
401 2
402 2
403 1
404 1
405 2
406 2
407 1
408 2
409 2
410 2
411 2
412 1
413 1
414 2
415 1
416 2
417 1
418 2
419 2
420 1
421 1
422 1
423 2
424 1
425 1
426 1
427 2
428 1
429 1
430 2
431 1
432 1
433 2
434 2
435 2
436 1
437 2
438 1
439 1
440 1
441 1
442 1
443 2
444 1
445 2
446 2
447 1
448 1
449 2
450 1
451 2
452 2
453 1
454 1
455 2
456 2
457 1
458 1
459 2
460 1
461 2
462 2
463 2
464 2
465 1
466 2
467 2
468 1
469 1
470 1
471 2
472 2
473 2
474 1
475 2
476 1
477 1
478 2
479 2
480 1
481 1
482 1
483 1
484 1
485 1
486 1
487 1
488 2
489 2
490 1
491 1
492 2
493 1
494 2
495 2
496 1
497 1
498 2
499 2
500 1
