// obj: 872.0
// running_duration: 616.8683428764343
// gap: 0.0
// obj_bound: 872.0
// time_limit: ('TIME_LIMIT', <class 'float'>, 3600.0, 0.0, inf, inf)
// num_nodes: 300
1 1
2 1
3 1
4 2
5 2
6 1
7 1
8 1
9 2
10 2
11 1
12 2
13 2
14 1
15 1
16 2
17 1
18 2
19 1
20 2
21 2
22 2
23 1
24 1
25 2
26 1
27 2
28 1
29 2
30 2
31 2
32 1
33 2
34 2
35 1
36 1
37 1
38 1
39 1
40 1
41 2
42 1
43 2
44 2
45 2
46 1
47 2
48 2
49 2
50 1
51 2
52 2
53 1
54 2
55 1
56 2
57 2
58 1
59 1
60 2
61 2
62 2
63 2
64 2
65 1
66 1
67 2
68 2
69 2
70 2
71 1
72 1
73 2
74 1
75 1
76 1
77 2
78 1
79 1
80 1
81 1
82 1
83 1
84 1
85 2
86 1
87 1
88 2
89 1
90 2
91 1
92 2
93 2
94 1
95 2
96 2
97 2
98 2
99 2
100 2
101 2
102 1
103 2
104 2
105 2
106 2
107 2
108 1
109 1
110 2
111 2
112 1
113 1
114 1
115 1
116 2
117 1
118 2
119 2
120 2
121 1
122 1
123 2
124 2
125 1
126 2
127 2
128 1
129 1
130 1
131 1
132 2
133 1
134 2
135 1
136 2
137 2
138 2
139 2
140 1
141 2
142 1
143 1
144 1
145 2
146 1
147 1
148 1
149 2
150 1
151 1
152 1
153 1
154 1
155 1
156 1
157 1
158 1
159 2
160 2
161 1
162 1
163 2
164 2
165 1
166 1
167 1
168 1
169 1
170 1
171 2
172 2
173 1
174 2
175 1
176 1
177 2
178 2
179 2
180 1
181 2
182 1
183 2
184 1
185 2
186 2
187 2
188 1
189 1
190 1
191 2
192 1
193 2
194 2
195 2
196 1
197 1
198 2
199 1
200 2
201 1
202 2
203 2
204 2
205 1
206 1
207 1
208 1
209 1
210 2
211 1
212 2
213 2
214 2
215 2
216 2
217 1
218 2
219 1
220 1
221 1
222 1
223 1
224 1
225 2
226 1
227 1
228 1
229 2
230 2
231 2
232 2
233 2
234 2
235 2
236 2
237 2
238 2
239 2
240 2
241 2
242 1
243 2
244 1
245 2
246 1
247 1
248 2
249 2
250 2
251 1
252 1
253 2
254 1
255 1
256 2
257 2
258 2
259 1
260 1
261 1
262 2
263 1
264 2
265 1
266 2
267 2
268 1
269 2
270 2
271 1
272 2
273 1
274 1
275 2
276 1
277 2
278 2
279 1
280 2
281 1
282 2
283 2
284 2
285 1
286 1
287 1
288 1
289 2
290 2
291 2
292 2
293 2
294 1
295 2
296 2
297 2
298 2
299 2
300 1
