// obj: 286.0
// running_duration: 0.3279900550842285
// gap: 0.0
// obj_bound: 286.0
// time_limit: ('TIME_LIMIT', <class 'float'>, 3600.0, 0.0, inf, inf)
// num_nodes: 100
1 1
2 1
3 1
4 2
5 1
6 2
7 1
8 2
9 2
10 2
11 1
12 1
13 2
14 1
15 2
16 2
17 1
18 2
19 2
20 1
21 2
22 1
23 1
24 1
25 2
26 2
27 2
28 2
29 2
30 1
31 1
32 1
33 1
34 2
35 2
36 1
37 1
38 2
39 1
40 1
41 2
42 2
43 1
44 1
45 1
46 2
47 2
48 2
49 1
50 2
51 1
52 2
53 2
54 1
55 2
56 2
57 2
58 2
59 2
60 1
61 1
62 2
63 2
64 2
65 2
66 2
67 2
68 2
69 2
70 1
71 2
72 2
73 2
74 2
75 2
76 2
77 1
78 1
79 2
80 1
81 2
82 2
83 1
84 1
85 1
86 2
87 2
88 2
89 2
90 1
91 2
92 2
93 2
94 2
95 1
96 2
97 2
98 1
99 2
100 2
