// obj: 1172.0
// running_duration: 3600.0845952033997
// gap: 0.007679180887372013
// obj_bound: 1181.0
// time_limit: ('TIME_LIMIT', <class 'float'>, 3600.0, 0.0, inf, inf)
// num_nodes: 400
1 2
2 2
3 1
4 1
5 1
6 1
7 1
8 2
9 2
10 1
11 1
12 2
13 2
14 2
15 2
16 1
17 2
18 1
19 1
20 1
21 1
22 2
23 2
24 2
25 2
26 1
27 2
28 1
29 1
30 1
31 1
32 2
33 2
34 1
35 2
36 1
37 2
38 2
39 2
40 1
41 1
42 2
43 1
44 1
45 1
46 2
47 1
48 1
49 1
50 2
51 1
52 2
53 1
54 2
55 1
56 1
57 2
58 2
59 2
60 1
61 1
62 2
63 1
64 2
65 2
66 1
67 2
68 2
69 1
70 1
71 1
72 1
73 2
74 1
75 1
76 2
77 1
78 1
79 1
80 2
81 2
82 2
83 2
84 2
85 1
86 1
87 2
88 1
89 2
90 2
91 2
92 2
93 2
94 1
95 2
96 2
97 2
98 2
99 1
100 1
101 2
102 2
103 1
104 1
105 1
106 1
107 1
108 1
109 2
110 2
111 1
112 1
113 1
114 1
115 2
116 2
117 2
118 2
119 2
120 1
121 1
122 2
123 1
124 1
125 2
126 2
127 1
128 1
129 2
130 1
131 1
132 1
133 2
134 2
135 1
136 1
137 2
138 2
139 1
140 1
141 2
142 1
143 1
144 2
145 1
146 1
147 2
148 2
149 2
150 2
151 2
152 2
153 1
154 1
155 1
156 2
157 1
158 1
159 1
160 2
161 1
162 1
163 2
164 2
165 2
166 1
167 2
168 1
169 2
170 1
171 1
172 2
173 2
174 2
175 1
176 2
177 2
178 2
179 1
180 1
181 1
182 2
183 2
184 1
185 2
186 1
187 2
188 2
189 1
190 1
191 2
192 1
193 2
194 1
195 2
196 1
197 2
198 1
199 1
200 1
201 1
202 2
203 2
204 2
205 1
206 2
207 1
208 1
209 1
210 2
211 1
212 2
213 2
214 2
215 1
216 2
217 2
218 1
219 2
220 2
221 2
222 1
223 1
224 2
225 1
226 1
227 2
228 1
229 2
230 2
231 1
232 2
233 1
234 1
235 2
236 2
237 1
238 1
239 1
240 2
241 2
242 2
243 2
244 1
245 2
246 1
247 1
248 2
249 2
250 1
251 1
252 1
253 2
254 1
255 2
256 2
257 2
258 2
259 1
260 2
261 2
262 2
263 1
264 2
265 2
266 1
267 1
268 1
269 1
270 1
271 1
272 2
273 1
274 1
275 1
276 1
277 2
278 1
279 2
280 1
281 2
282 1
283 1
284 1
285 1
286 1
287 2
288 2
289 2
290 1
291 1
292 1
293 2
294 1
295 2
296 2
297 1
298 2
299 2
300 1
301 1
302 2
303 1
304 2
305 1
306 1
307 2
308 1
309 2
310 1
311 1
312 2
313 2
314 1
315 1
316 2
317 2
318 2
319 1
320 2
321 2
322 1
323 1
324 1
325 1
326 1
327 1
328 2
329 2
330 2
331 1
332 1
333 2
334 1
335 2
336 1
337 2
338 2
339 2
340 2
341 1
342 1
343 1
344 1
345 2
346 1
347 1
348 2
349 2
350 2
351 1
352 2
353 1
354 2
355 1
356 2
357 1
358 2
359 2
360 2
361 2
362 1
363 2
364 2
365 2
366 2
367 2
368 1
369 1
370 1
371 2
372 2
373 2
374 2
375 2
376 2
377 2
378 2
379 2
380 1
381 2
382 2
383 1
384 2
385 2
386 2
387 1
388 1
389 2
390 2
391 1
392 1
393 1
394 1
395 1
396 2
397 2
398 1
399 1
400 1
