// obj: 580.0
// running_duration: 39.42072296142578
// gap: 0.0
// obj_bound: 580.0
// time_limit: ('TIME_LIMIT', <class 'float'>, 3600.0, 0.0, inf, inf)
// num_nodes: 200
1 1
2 2
3 1
4 2
5 2
6 1
7 1
8 1
9 1
10 2
11 1
12 2
13 1
14 1
15 1
16 2
17 1
18 2
19 2
20 2
21 1
22 2
23 1
24 2
25 2
26 2
27 1
28 1
29 2
30 2
31 2
32 1
33 2
34 2
35 2
36 2
37 1
38 2
39 1
40 2
41 1
42 1
43 2
44 1
45 2
46 2
47 1
48 2
49 2
50 2
51 1
52 2
53 1
54 2
55 1
56 2
57 2
58 1
59 1
60 2
61 2
62 2
63 2
64 1
65 1
66 2
67 2
68 2
69 2
70 2
71 2
72 1
73 1
74 1
75 2
76 1
77 1
78 1
79 2
80 1
81 2
82 2
83 1
84 1
85 2
86 2
87 1
88 1
89 1
90 2
91 1
92 2
93 2
94 2
95 2
96 2
97 2
98 1
99 2
100 1
101 1
102 1
103 2
104 1
105 2
106 1
107 2
108 1
109 2
110 1
111 2
112 2
113 1
114 2
115 1
116 1
117 1
118 2
119 2
120 2
121 1
122 1
123 1
124 2
125 2
126 1
127 2
128 1
129 2
130 2
131 2
132 1
133 2
134 1
135 1
136 2
137 2
138 2
139 1
140 2
141 1
142 2
143 1
144 1
145 1
146 2
147 2
148 1
149 2
150 2
151 1
152 1
153 2
154 1
155 1
156 2
157 1
158 2
159 1
160 1
161 2
162 2
163 1
164 1
165 1
166 1
167 1
168 2
169 1
170 1
171 2
172 1
173 1
174 2
175 2
176 1
177 1
178 2
179 2
180 1
181 1
182 2
183 1
184 2
185 1
186 1
187 2
188 1
189 2
190 2
191 2
192 1
193 2
194 1
195 2
196 1
197 1
198 2
199 2
200 1
