// obj: 1171.0
// running_duration: 3341.6803419589996
// gap: 0.0
// obj_bound: 1171.0
// time_limit: ('TIME_LIMIT', <class 'float'>, 3600.0, 0.0, inf, inf)
// num_nodes: 400
1 1
2 2
3 2
4 1
5 2
6 1
7 1
8 2
9 2
10 2
11 1
12 1
13 1
14 2
15 1
16 2
17 2
18 1
19 1
20 2
21 1
22 2
23 1
24 1
25 2
26 2
27 1
28 1
29 1
30 1
31 2
32 1
33 1
34 2
35 2
36 1
37 2
38 2
39 2
40 1
41 2
42 2
43 1
44 2
45 2
46 2
47 2
48 2
49 2
50 1
51 1
52 2
53 2
54 2
55 2
56 1
57 1
58 2
59 1
60 1
61 2
62 1
63 2
64 2
65 2
66 1
67 2
68 1
69 1
70 2
71 2
72 1
73 2
74 2
75 1
76 1
77 1
78 1
79 2
80 2
81 1
82 2
83 1
84 2
85 1
86 1
87 2
88 1
89 2
90 2
91 1
92 1
93 1
94 2
95 2
96 1
97 2
98 2
99 2
100 2
101 1
102 1
103 1
104 2
105 2
106 2
107 1
108 1
109 1
110 1
111 1
112 1
113 1
114 1
115 2
116 2
117 1
118 1
119 1
120 2
121 1
122 1
123 1
124 2
125 2
126 1
127 1
128 1
129 1
130 1
131 2
132 2
133 1
134 1
135 1
136 2
137 1
138 2
139 1
140 1
141 1
142 1
143 2
144 2
145 1
146 2
147 2
148 1
149 1
150 2
151 2
152 1
153 1
154 1
155 1
156 1
157 2
158 1
159 1
160 1
161 1
162 2
163 1
164 1
165 2
166 1
167 1
168 2
169 2
170 2
171 2
172 1
173 2
174 2
175 2
176 2
177 2
178 1
179 1
180 1
181 1
182 2
183 1
184 1
185 2
186 1
187 2
188 1
189 1
190 2
191 2
192 2
193 1
194 1
195 2
196 1
197 2
198 2
199 1
200 2
201 2
202 1
203 1
204 1
205 1
206 2
207 1
208 1
209 1
210 1
211 1
212 2
213 1
214 2
215 2
216 1
217 2
218 2
219 1
220 2
221 2
222 2
223 1
224 1
225 1
226 1
227 1
228 1
229 2
230 1
231 2
232 2
233 2
234 1
235 2
236 2
237 1
238 2
239 2
240 1
241 2
242 2
243 2
244 2
245 2
246 2
247 1
248 2
249 1
250 1
251 1
252 1
253 2
254 2
255 1
256 2
257 2
258 1
259 2
260 2
261 1
262 2
263 2
264 2
265 1
266 2
267 2
268 2
269 1
270 1
271 1
272 1
273 2
274 1
275 1
276 2
277 2
278 1
279 1
280 1
281 1
282 2
283 2
284 1
285 1
286 2
287 2
288 2
289 2
290 2
291 2
292 2
293 2
294 1
295 2
296 2
297 2
298 1
299 1
300 1
301 1
302 2
303 1
304 2
305 2
306 1
307 2
308 2
309 1
310 1
311 2
312 2
313 1
314 1
315 1
316 2
317 1
318 1
319 2
320 1
321 1
322 1
323 1
324 2
325 2
326 1
327 1
328 2
329 2
330 2
331 1
332 1
333 2
334 1
335 2
336 1
337 1
338 2
339 2
340 1
341 1
342 2
343 1
344 1
345 1
346 1
347 1
348 1
349 1
350 1
351 1
352 1
353 1
354 1
355 2
356 1
357 2
358 1
359 2
360 1
361 1
362 1
363 2
364 1
365 2
366 2
367 2
368 2
369 2
370 1
371 2
372 1
373 1
374 1
375 1
376 2
377 1
378 2
379 1
380 1
381 1
382 2
383 1
384 1
385 1
386 2
387 1
388 1
389 2
390 2
391 1
392 1
393 2
394 1
395 2
396 2
397 1
398 1
399 2
400 2
