// obj: 873.0
// running_duration: 1136.858511209488
// gap: 0.0
// obj_bound: 873.0
// time_limit: ('TIME_LIMIT', <class 'float'>, 3600.0, 0.0, inf, inf)
// num_nodes: 300
1 1
2 2
3 2
4 1
5 1
6 2
7 2
8 2
9 1
10 1
11 2
12 1
13 1
14 2
15 1
16 2
17 2
18 1
19 2
20 2
21 2
22 1
23 1
24 2
25 2
26 1
27 2
28 2
29 2
30 2
31 1
32 1
33 1
34 2
35 1
36 2
37 1
38 2
39 1
40 2
41 2
42 2
43 2
44 2
45 1
46 2
47 2
48 1
49 1
50 1
51 1
52 1
53 1
54 2
55 2
56 2
57 1
58 2
59 2
60 2
61 2
62 1
63 1
64 2
65 1
66 1
67 1
68 1
69 1
70 2
71 1
72 1
73 1
74 1
75 2
76 1
77 1
78 2
79 2
80 1
81 1
82 1
83 1
84 2
85 1
86 1
87 2
88 2
89 1
90 2
91 2
92 2
93 1
94 1
95 1
96 2
97 2
98 2
99 2
100 1
101 1
102 1
103 2
104 2
105 1
106 1
107 2
108 2
109 2
110 1
111 2
112 2
113 2
114 1
115 2
116 1
117 2
118 2
119 2
120 1
121 1
122 1
123 1
124 2
125 2
126 1
127 2
128 1
129 2
130 1
131 2
132 1
133 1
134 2
135 1
136 2
137 1
138 1
139 1
140 2
141 1
142 2
143 2
144 1
145 1
146 2
147 1
148 1
149 1
150 2
151 2
152 2
153 1
154 2
155 2
156 1
157 1
158 2
159 1
160 2
161 2
162 1
163 2
164 2
165 1
166 1
167 2
168 2
169 1
170 2
171 2
172 2
173 2
174 1
175 2
176 2
177 2
178 1
179 1
180 2
181 1
182 1
183 1
184 2
185 1
186 2
187 1
188 2
189 2
190 1
191 2
192 1
193 2
194 1
195 1
196 2
197 1
198 1
199 1
200 2
201 2
202 2
203 1
204 1
205 2
206 1
207 1
208 1
209 1
210 1
211 1
212 1
213 1
214 2
215 1
216 1
217 1
218 1
219 2
220 1
221 1
222 2
223 1
224 1
225 2
226 2
227 2
228 1
229 1
230 1
231 1
232 2
233 1
234 1
235 2
236 1
237 2
238 2
239 1
240 2
241 1
242 1
243 2
244 1
245 1
246 2
247 2
248 2
249 1
250 1
251 2
252 1
253 1
254 2
255 2
256 2
257 1
258 1
259 1
260 1
261 1
262 1
263 1
264 1
265 1
266 1
267 1
268 2
269 2
270 2
271 1
272 1
273 1
274 1
275 1
276 2
277 2
278 2
279 1
280 2
281 1
282 1
283 2
284 1
285 2
286 1
287 1
288 1
289 1
290 2
291 2
292 1
293 1
294 2
295 1
296 1
297 1
298 2
299 2
300 2
