// obj: 576.0
// running_duration: 60.05668091773987
// gap: 0.0
// obj_bound: 576.0
// time_limit: ('TIME_LIMIT', <class 'float'>, 3600.0, 0.0, inf, inf)
// num_nodes: 200
1 2
2 2
3 2
4 2
5 1
6 2
7 1
8 1
9 2
10 1
11 1
12 2
13 1
14 2
15 2
16 1
17 1
18 2
19 1
20 2
21 1
22 1
23 2
24 1
25 2
26 1
27 2
28 1
29 2
30 2
31 1
32 2
33 2
34 1
35 1
36 2
37 2
38 2
39 1
40 1
41 2
42 1
43 2
44 2
45 2
46 2
47 1
48 1
49 1
50 2
51 2
52 1
53 2
54 2
55 2
56 2
57 2
58 1
59 1
60 1
61 1
62 1
63 1
64 1
65 2
66 2
67 2
68 1
69 1
70 2
71 2
72 1
73 2
74 1
75 1
76 1
77 1
78 2
79 2
80 2
81 2
82 1
83 1
84 1
85 2
86 1
87 2
88 2
89 2
90 2
91 1
92 1
93 2
94 1
95 2
96 2
97 2
98 1
99 2
100 2
101 2
102 1
103 1
104 2
105 1
106 1
107 2
108 1
109 2
110 1
111 2
112 1
113 2
114 1
115 1
116 1
117 1
118 1
119 1
120 1
121 1
122 1
123 2
124 1
125 1
126 2
127 2
128 1
129 2
130 1
131 1
132 2
133 1
134 1
135 1
136 2
137 2
138 1
139 1
140 1
141 1
142 1
143 1
144 1
145 1
146 1
147 2
148 1
149 2
150 2
151 2
152 2
153 2
154 1
155 1
156 1
157 2
158 2
159 1
160 1
161 2
162 2
163 2
164 2
165 1
166 2
167 2
168 1
169 2
170 2
171 1
172 2
173 1
174 1
175 1
176 1
177 1
178 2
179 2
180 1
181 2
182 2
183 2
184 2
185 1
186 2
187 1
188 1
189 2
190 1
191 1
192 1
193 1
194 1
195 1
196 2
197 1
198 2
199 1
200 1
