// obj: 1468.0
// running_duration: 3600.122156858444
// gap: 0.020435967302452316
// obj_bound: 1498.0
// time_limit: ('TIME_LIMIT', <class 'float'>, 3600.0, 0.0, inf, inf)
// num_nodes: 500
1 2
2 2
3 1
4 2
5 1
6 1
7 2
8 1
9 2
10 2
11 2
12 1
13 2
14 2
15 2
16 2
17 2
18 2
19 1
20 2
21 2
22 1
23 1
24 2
25 1
26 2
27 2
28 1
29 1
30 1
31 2
32 2
33 2
34 2
35 2
36 2
37 2
38 1
39 2
40 2
41 1
42 1
43 2
44 1
45 1
46 1
47 1
48 2
49 1
50 1
51 2
52 1
53 2
54 2
55 2
56 2
57 1
58 1
59 1
60 1
61 1
62 2
63 2
64 1
65 1
66 1
67 2
68 1
69 1
70 2
71 2
72 2
73 2
74 1
75 2
76 1
77 1
78 1
79 2
80 2
81 2
82 2
83 1
84 1
85 2
86 2
87 1
88 2
89 2
90 1
91 2
92 2
93 2
94 1
95 1
96 1
97 1
98 2
99 1
100 1
101 2
102 1
103 1
104 2
105 2
106 2
107 2
108 1
109 2
110 2
111 2
112 2
113 1
114 2
115 1
116 1
117 2
118 1
119 2
120 2
121 1
122 1
123 1
124 2
125 2
126 1
127 1
128 1
129 1
130 1
131 2
132 1
133 2
134 1
135 2
136 2
137 1
138 1
139 2
140 1
141 2
142 1
143 1
144 2
145 2
146 2
147 1
148 2
149 1
150 2
151 1
152 2
153 2
154 2
155 1
156 1
157 2
158 2
159 2
160 2
161 2
162 1
163 2
164 1
165 2
166 1
167 1
168 1
169 1
170 1
171 1
172 1
173 2
174 1
175 2
176 2
177 2
178 2
179 1
180 2
181 2
182 1
183 2
184 1
185 2
186 2
187 1
188 1
189 1
190 2
191 2
192 1
193 1
194 1
195 1
196 1
197 1
198 1
199 1
200 1
201 1
202 1
203 1
204 1
205 1
206 2
207 1
208 1
209 1
210 2
211 2
212 1
213 2
214 2
215 1
216 1
217 2
218 1
219 1
220 1
221 1
222 2
223 2
224 1
225 1
226 2
227 1
228 1
229 1
230 1
231 1
232 2
233 1
234 2
235 1
236 2
237 2
238 2
239 1
240 2
241 1
242 1
243 2
244 1
245 1
246 2
247 2
248 1
249 2
250 1
251 1
252 1
253 2
254 2
255 2
256 2
257 2
258 1
259 2
260 1
261 1
262 1
263 1
264 2
265 2
266 2
267 1
268 1
269 2
270 2
271 2
272 1
273 1
274 1
275 1
276 1
277 2
278 2
279 1
280 2
281 1
282 2
283 2
284 2
285 1
286 1
287 1
288 2
289 2
290 1
291 1
292 1
293 1
294 1
295 1
296 1
297 2
298 1
299 2
300 2
301 1
302 1
303 2
304 1
305 2
306 2
307 1
308 1
309 2
310 1
311 1
312 2
313 2
314 1
315 2
316 2
317 1
318 2
319 2
320 1
321 2
322 2
323 1
324 1
325 2
326 2
327 1
328 2
329 1
330 2
331 2
332 1
333 1
334 2
335 1
336 2
337 1
338 2
339 1
340 1
341 1
342 1
343 1
344 1
345 2
346 1
347 1
348 2
349 1
350 2
351 1
352 2
353 1
354 1
355 2
356 2
357 2
358 2
359 2
360 2
361 2
362 2
363 1
364 1
365 2
366 2
367 1
368 1
369 1
370 2
371 2
372 1
373 1
374 1
375 2
376 1
377 2
378 1
379 2
380 2
381 1
382 2
383 1
384 1
385 1
386 2
387 2
388 1
389 2
390 1
391 1
392 1
393 1
394 2
395 2
396 1
397 2
398 1
399 2
400 1
401 2
402 1
403 2
404 1
405 2
406 2
407 1
408 1
409 2
410 2
411 1
412 1
413 1
414 2
415 1
416 2
417 2
418 1
419 1
420 2
421 1
422 1
423 1
424 2
425 2
426 1
427 1
428 1
429 1
430 2
431 2
432 2
433 1
434 1
435 2
436 1
437 2
438 2
439 1
440 1
441 2
442 1
443 2
444 2
445 1
446 1
447 2
448 1
449 2
450 1
451 2
452 1
453 2
454 2
455 2
456 2
457 2
458 2
459 2
460 2
461 1
462 2
463 1
464 2
465 1
466 2
467 1
468 2
469 1
470 1
471 2
472 1
473 2
474 2
475 1
476 2
477 2
478 2
479 2
480 1
481 2
482 2
483 1
484 2
485 2
486 1
487 1
488 1
489 1
490 2
491 1
492 1
493 2
494 1
495 1
496 1
497 1
498 2
499 1
500 1
