// obj: 283.0
// running_duration: 0.707252025604248
// gap: 0.0
// obj_bound: 283.0
// time_limit: ('TIME_LIMIT', <class 'float'>, 3600.0, 0.0, inf, inf)
// num_nodes: 100
1 2
2 2
3 2
4 2
5 1
6 1
7 1
8 2
9 2
10 1
11 1
12 2
13 1
14 1
15 1
16 2
17 2
18 2
19 2
20 1
21 2
22 1
23 2
24 1
25 2
26 1
27 1
28 1
29 1
30 1
31 1
32 2
33 2
34 2
35 2
36 2
37 2
38 2
39 2
40 2
41 2
42 2
43 1
44 1
45 2
46 2
47 2
48 2
49 2
50 1
51 1
52 1
53 2
54 1
55 2
56 1
57 1
58 2
59 1
60 1
61 1
62 2
63 1
64 1
65 1
66 2
67 1
68 1
69 1
70 2
71 1
72 1
73 1
74 2
75 2
76 2
77 2
78 1
79 1
80 2
81 2
82 1
83 1
84 1
85 2
86 1
87 1
88 2
89 1
90 1
91 2
92 1
93 1
94 2
95 2
96 2
97 1
98 2
99 2
100 2
