// obj: 575.0
// running_duration: 44.276784896850586
// gap: 0.0
// obj_bound: 575.0
// time_limit: ('TIME_LIMIT', <class 'float'>, 3600.0, 0.0, inf, inf)
// num_nodes: 200
1 2
2 2
3 2
4 2
5 1
6 1
7 1
8 2
9 1
10 1
11 1
12 1
13 1
14 2
15 1
16 1
17 2
18 1
19 2
20 2
21 2
22 2
23 1
24 1
25 2
26 1
27 2
28 1
29 2
30 2
31 1
32 2
33 1
34 2
35 1
36 2
37 1
38 1
39 1
40 2
41 2
42 2
43 2
44 2
45 2
46 2
47 1
48 2
49 2
50 2
51 2
52 1
53 1
54 2
55 1
56 1
57 1
58 2
59 1
60 2
61 1
62 1
63 2
64 1
65 1
66 1
67 1
68 2
69 2
70 2
71 1
72 2
73 1
74 1
75 2
76 2
77 2
78 1
79 1
80 1
81 1
82 1
83 2
84 2
85 2
86 2
87 2
88 2
89 2
90 1
91 2
92 2
93 2
94 1
95 1
96 2
97 2
98 1
99 1
100 2
101 2
102 1
103 1
104 2
105 1
106 1
107 1
108 1
109 2
110 2
111 1
112 1
113 1
114 2
115 1
116 2
117 1
118 2
119 1
120 1
121 2
122 1
123 1
124 1
125 1
126 1
127 2
128 1
129 1
130 2
131 2
132 1
133 1
134 2
135 2
136 1
137 1
138 1
139 2
140 1
141 2
142 1
143 2
144 2
145 2
146 1
147 2
148 2
149 2
150 1
151 2
152 1
153 1
154 1
155 1
156 2
157 2
158 1
159 1
160 2
161 2
162 1
163 2
164 1
165 2
166 1
167 2
168 1
169 1
170 2
171 1
172 1
173 1
174 1
175 1
176 2
177 2
178 2
179 2
180 2
181 1
182 1
183 2
184 1
185 1
186 2
187 2
188 2
189 1
190 1
191 1
192 1
193 2
194 1
195 2
196 2
197 1
198 2
199 2
200 2
