// obj: 1176.0
// running_duration: 3600.089520931244
// gap: 0.00935374149659864
// obj_bound: 1187.0
// time_limit: ('TIME_LIMIT', <class 'float'>, 3600.0, 0.0, inf, inf)
// num_nodes: 400
1 2
2 2
3 1
4 1
5 1
6 1
7 1
8 2
9 2
10 2
11 1
12 2
13 1
14 1
15 1
16 1
17 2
18 2
19 2
20 1
21 2
22 2
23 1
24 1
25 1
26 1
27 2
28 1
29 2
30 1
31 2
32 2
33 2
34 2
35 2
36 1
37 1
38 1
39 2
40 1
41 1
42 2
43 2
44 1
45 2
46 2
47 2
48 1
49 2
50 2
51 2
52 2
53 1
54 1
55 2
56 1
57 1
58 1
59 1
60 1
61 1
62 2
63 2
64 2
65 1
66 2
67 2
68 2
69 2
70 2
71 1
72 2
73 1
74 1
75 1
76 2
77 1
78 2
79 1
80 2
81 1
82 2
83 2
84 2
85 2
86 2
87 1
88 1
89 1
90 2
91 2
92 2
93 2
94 2
95 2
96 1
97 2
98 1
99 1
100 2
101 2
102 1
103 2
104 2
105 1
106 2
107 1
108 2
109 1
110 2
111 2
112 1
113 1
114 2
115 1
116 2
117 1
118 1
119 1
120 1
121 2
122 2
123 2
124 1
125 2
126 2
127 1
128 1
129 2
130 1
131 2
132 2
133 2
134 2
135 2
136 2
137 1
138 2
139 2
140 2
141 2
142 1
143 1
144 1
145 1
146 2
147 2
148 2
149 1
150 1
151 1
152 1
153 1
154 2
155 2
156 1
157 1
158 2
159 2
160 2
161 1
162 2
163 1
164 1
165 1
166 2
167 1
168 1
169 2
170 1
171 2
172 1
173 2
174 1
175 2
176 1
177 1
178 1
179 2
180 1
181 2
182 2
183 1
184 1
185 2
186 1
187 1
188 1
189 1
190 2
191 2
192 2
193 2
194 2
195 1
196 1
197 1
198 2
199 1
200 1
201 2
202 1
203 2
204 2
205 2
206 1
207 2
208 1
209 1
210 1
211 1
212 1
213 2
214 1
215 1
216 2
217 2
218 2
219 2
220 1
221 1
222 1
223 2
224 2
225 1
226 1
227 1
228 1
229 2
230 1
231 1
232 1
233 2
234 1
235 1
236 2
237 2
238 1
239 1
240 2
241 1
242 2
243 1
244 1
245 1
246 1
247 1
248 1
249 1
250 2
251 1
252 1
253 2
254 2
255 2
256 2
257 1
258 2
259 2
260 2
261 1
262 1
263 2
264 2
265 2
266 2
267 2
268 2
269 2
270 1
271 1
272 2
273 2
274 2
275 2
276 2
277 2
278 2
279 1
280 2
281 1
282 2
283 1
284 1
285 1
286 2
287 1
288 2
289 2
290 2
291 1
292 1
293 2
294 2
295 2
296 2
297 1
298 1
299 1
300 1
301 1
302 2
303 2
304 2
305 1
306 1
307 1
308 2
309 2
310 1
311 2
312 2
313 2
314 2
315 2
316 1
317 1
318 2
319 2
320 2
321 1
322 1
323 1
324 2
325 2
326 2
327 2
328 2
329 2
330 1
331 2
332 1
333 2
334 2
335 2
336 2
337 2
338 2
339 2
340 2
341 1
342 2
343 1
344 2
345 1
346 2
347 1
348 2
349 2
350 2
351 1
352 2
353 1
354 1
355 2
356 1
357 1
358 2
359 1
360 1
361 1
362 2
363 1
364 1
365 1
366 1
367 2
368 1
369 1
370 2
371 2
372 1
373 1
374 2
375 2
376 1
377 1
378 2
379 1
380 1
381 1
382 2
383 1
384 2
385 1
386 1
387 1
388 2
389 1
390 2
391 1
392 2
393 1
394 1
395 2
396 1
397 1
398 2
399 1
400 1
