// obj: 284.0
// running_duration: 0.6385040283203125
// gap: 0.0
// obj_bound: 284.0
// time_limit: ('TIME_LIMIT', <class 'float'>, 3600.0, 0.0, inf, inf)
// num_nodes: 100
1 2
2 2
3 2
4 2
5 1
6 1
7 1
8 2
9 2
10 1
11 2
12 1
13 1
14 2
15 1
16 2
17 2
18 1
19 1
20 2
21 2
22 2
23 1
24 1
25 2
26 1
27 2
28 1
29 1
30 2
31 1
32 2
33 2
34 1
35 1
36 2
37 1
38 2
39 2
40 1
41 2
42 2
43 1
44 2
45 1
46 2
47 2
48 2
49 2
50 1
51 1
52 1
53 1
54 2
55 2
56 2
57 1
58 1
59 2
60 2
61 1
62 1
63 2
64 1
65 1
66 2
67 2
68 2
69 2
70 1
71 1
72 2
73 2
74 1
75 2
76 1
77 1
78 2
79 1
80 1
81 1
82 1
83 1
84 2
85 1
86 2
87 2
88 1
89 2
90 1
91 1
92 1
93 1
94 2
95 1
96 1
97 2
98 2
99 1
100 2
