// obj: 1174.0
// running_duration: 3600.0221548080444
// gap: 0.005110732538330494
// obj_bound: 1180.0
// time_limit: ('TIME_LIMIT', <class 'float'>, 3600.0, 0.0, inf, inf)
// num_nodes: 400
1 2
2 2
3 2
4 1
5 1
6 1
7 1
8 2
9 1
10 2
11 2
12 2
13 2
14 2
15 1
16 2
17 2
18 2
19 2
20 1
21 1
22 1
23 2
24 2
25 1
26 1
27 2
28 1
29 1
30 2
31 1
32 2
33 2
34 1
35 2
36 1
37 1
38 1
39 2
40 1
41 1
42 1
43 1
44 1
45 2
46 1
47 2
48 2
49 1
50 2
51 1
52 1
53 1
54 1
55 1
56 1
57 1
58 1
59 1
60 1
61 1
62 2
63 2
64 1
65 1
66 1
67 2
68 1
69 2
70 1
71 1
72 1
73 2
74 1
75 1
76 2
77 2
78 1
79 2
80 2
81 2
82 2
83 2
84 2
85 2
86 1
87 1
88 1
89 2
90 1
91 1
92 2
93 2
94 2
95 2
96 1
97 2
98 1
99 1
100 1
101 2
102 2
103 2
104 2
105 1
106 1
107 1
108 1
109 2
110 1
111 1
112 1
113 2
114 1
115 2
116 1
117 2
118 1
119 2
120 1
121 1
122 1
123 2
124 2
125 2
126 1
127 2
128 2
129 2
130 1
131 2
132 1
133 1
134 2
135 1
136 1
137 1
138 1
139 2
140 2
141 2
142 1
143 1
144 2
145 1
146 2
147 2
148 1
149 2
150 2
151 1
152 2
153 2
154 2
155 2
156 2
157 1
158 1
159 2
160 1
161 1
162 2
163 2
164 1
165 1
166 2
167 1
168 2
169 2
170 2
171 1
172 1
173 1
174 1
175 1
176 2
177 2
178 1
179 2
180 1
181 1
182 2
183 2
184 1
185 2
186 2
187 2
188 1
189 1
190 1
191 1
192 1
193 1
194 2
195 1
196 1
197 2
198 1
199 1
200 2
201 1
202 1
203 2
204 2
205 2
206 1
207 2
208 1
209 1
210 2
211 1
212 2
213 2
214 2
215 1
216 2
217 1
218 2
219 2
220 1
221 2
222 1
223 2
224 1
225 2
226 1
227 1
228 2
229 1
230 1
231 2
232 2
233 2
234 1
235 1
236 2
237 2
238 2
239 1
240 1
241 1
242 2
243 2
244 2
245 1
246 1
247 2
248 1
249 1
250 1
251 1
252 2
253 1
254 1
255 2
256 2
257 1
258 1
259 1
260 2
261 2
262 1
263 2
264 2
265 2
266 2
267 1
268 2
269 2
270 2
271 2
272 2
273 1
274 2
275 1
276 1
277 2
278 2
279 2
280 2
281 2
282 2
283 2
284 2
285 2
286 2
287 2
288 1
289 1
290 2
291 1
292 2
293 1
294 2
295 1
296 1
297 2
298 2
299 1
300 1
301 2
302 1
303 1
304 1
305 2
306 2
307 1
308 1
309 1
310 2
311 2
312 1
313 2
314 2
315 1
316 1
317 1
318 1
319 1
320 2
321 1
322 1
323 2
324 2
325 1
326 1
327 1
328 2
329 1
330 1
331 1
332 2
333 1
334 2
335 1
336 1
337 1
338 2
339 2
340 1
341 1
342 1
343 2
344 1
345 2
346 1
347 2
348 1
349 1
350 2
351 2
352 1
353 1
354 1
355 2
356 2
357 2
358 1
359 2
360 1
361 2
362 2
363 2
364 2
365 2
366 1
367 1
368 2
369 1
370 2
371 1
372 1
373 1
374 1
375 1
376 1
377 1
378 1
379 1
380 2
381 2
382 1
383 2
384 1
385 1
386 2
387 1
388 1
389 1
390 1
391 1
392 2
393 1
394 2
395 2
396 2
397 1
398 1
399 2
400 2
