// obj: 283.0
// running_duration: 0.4043848514556885
// gap: 0.0
// obj_bound: 283.0
// time_limit: ('TIME_LIMIT', <class 'float'>, 3600.0, 0.0, inf, inf)
// num_nodes: 100
1 1
2 1
3 1
4 1
5 2
6 2
7 1
8 1
9 2
10 1
11 2
12 1
13 2
14 1
15 1
16 1
17 2
18 2
19 1
20 2
21 2
22 2
23 2
24 2
25 2
26 1
27 1
28 2
29 1
30 2
31 1
32 1
33 2
34 1
35 2
36 2
37 2
38 2
39 1
40 1
41 2
42 2
43 2
44 2
45 1
46 2
47 2
48 2
49 1
50 2
51 2
52 1
53 1
54 1
55 1
56 1
57 2
58 1
59 2
60 2
61 1
62 2
63 2
64 2
65 1
66 2
67 1
68 2
69 2
70 2
71 1
72 1
73 1
74 2
75 1
76 2
77 2
78 2
79 1
80 1
81 1
82 2
83 2
84 2
85 1
86 2
87 1
88 1
89 1
90 1
91 2
92 2
93 1
94 2
95 2
96 1
97 1
98 1
99 1
100 1
