// obj: 883.0
// running_duration: 308.8960440158844
// gap: 0.0
// obj_bound: 883.0
// time_limit: ('TIME_LIMIT', <class 'float'>, 3600.0, 0.0, inf, inf)
// num_nodes: 300
1 2
2 1
3 1
4 2
5 1
6 2
7 1
8 2
9 2
10 1
11 2
12 2
13 1
14 2
15 2
16 1
17 1
18 1
19 2
20 2
21 2
22 1
23 1
24 2
25 2
26 1
27 2
28 1
29 2
30 1
31 2
32 2
33 2
34 1
35 1
36 2
37 2
38 2
39 1
40 2
41 1
42 2
43 1
44 1
45 2
46 2
47 1
48 2
49 2
50 1
51 1
52 2
53 1
54 2
55 1
56 1
57 2
58 2
59 1
60 1
61 1
62 2
63 1
64 1
65 1
66 2
67 1
68 2
69 2
70 2
71 2
72 1
73 2
74 2
75 2
76 2
77 2
78 1
79 1
80 2
81 2
82 1
83 1
84 1
85 1
86 2
87 2
88 2
89 2
90 2
91 1
92 2
93 1
94 2
95 1
96 2
97 2
98 1
99 1
100 1
101 1
102 1
103 1
104 2
105 1
106 2
107 2
108 2
109 1
110 1
111 2
112 2
113 2
114 1
115 2
116 2
117 1
118 1
119 1
120 1
121 2
122 1
123 2
124 2
125 1
126 2
127 1
128 2
129 1
130 1
131 1
132 1
133 2
134 1
135 1
136 1
137 2
138 2
139 1
140 2
141 1
142 2
143 2
144 2
145 2
146 1
147 1
148 1
149 2
150 2
151 1
152 1
153 1
154 2
155 1
156 2
157 2
158 2
159 1
160 2
161 1
162 2
163 1
164 2
165 1
166 1
167 2
168 2
169 2
170 1
171 2
172 1
173 2
174 2
175 2
176 2
177 1
178 1
179 2
180 2
181 1
182 1
183 1
184 2
185 1
186 2
187 1
188 2
189 1
190 1
191 1
192 1
193 1
194 1
195 2
196 2
197 1
198 2
199 2
200 1
201 1
202 1
203 1
204 2
205 1
206 1
207 1
208 1
209 1
210 1
211 2
212 1
213 1
214 2
215 1
216 2
217 1
218 1
219 1
220 2
221 1
222 2
223 2
224 2
225 2
226 1
227 1
228 1
229 2
230 1
231 1
232 1
233 2
234 1
235 1
236 1
237 2
238 1
239 2
240 1
241 1
242 2
243 2
244 1
245 2
246 2
247 2
248 2
249 2
250 1
251 1
252 2
253 2
254 1
255 1
256 2
257 2
258 1
259 1
260 2
261 1
262 1
263 1
264 1
265 2
266 2
267 1
268 2
269 1
270 1
271 1
272 1
273 1
274 2
275 2
276 1
277 1
278 2
279 1
280 2
281 2
282 2
283 1
284 2
285 1
286 1
287 2
288 2
289 1
290 2
291 1
292 2
293 1
294 2
295 1
296 1
297 1
298 1
299 1
300 2
