// obj: 280.0
// running_duration: 0.5952868461608887
// gap: 0.0
// obj_bound: 280.0
// time_limit: ('TIME_LIMIT', <class 'float'>, 3600.0, 0.0, inf, inf)
// num_nodes: 100
1 2
2 2
3 2
4 2
5 1
6 2
7 1
8 1
9 1
10 2
11 2
12 2
13 1
14 2
15 1
16 1
17 2
18 2
19 1
20 1
21 2
22 1
23 2
24 1
25 1
26 2
27 1
28 2
29 2
30 2
31 1
32 1
33 2
34 2
35 1
36 1
37 2
38 2
39 2
40 2
41 1
42 1
43 1
44 1
45 1
46 1
47 2
48 1
49 1
50 1
51 1
52 2
53 1
54 2
55 2
56 1
57 2
58 2
59 1
60 2
61 1
62 2
63 2
64 2
65 2
66 1
67 2
68 1
69 1
70 2
71 2
72 1
73 1
74 1
75 2
76 2
77 1
78 1
79 1
80 1
81 2
82 1
83 2
84 1
85 2
86 2
87 1
88 2
89 2
90 2
91 2
92 2
93 2
94 2
95 1
96 1
97 2
98 1
99 2
100 2
