// obj: 578.0
// running_duration: 35.13374209403992
// gap: 0.0
// obj_bound: 578.0
// time_limit: ('TIME_LIMIT', <class 'float'>, 3600.0, 0.0, inf, inf)
// num_nodes: 200
1 1
2 1
3 1
4 2
5 1
6 2
7 2
8 2
9 2
10 1
11 2
12 1
13 1
14 2
15 2
16 2
17 2
18 1
19 1
20 1
21 1
22 2
23 1
24 1
25 1
26 2
27 2
28 1
29 2
30 2
31 2
32 2
33 1
34 2
35 2
36 2
37 1
38 2
39 1
40 2
41 2
42 1
43 1
44 2
45 2
46 1
47 1
48 2
49 1
50 1
51 1
52 2
53 2
54 1
55 2
56 2
57 1
58 1
59 2
60 1
61 1
62 2
63 2
64 2
65 2
66 1
67 2
68 1
69 2
70 2
71 1
72 2
73 2
74 2
75 1
76 1
77 1
78 2
79 2
80 2
81 1
82 1
83 1
84 1
85 2
86 1
87 1
88 1
89 2
90 1
91 1
92 1
93 1
94 2
95 2
96 2
97 2
98 2
99 2
100 2
101 1
102 2
103 2
104 2
105 1
106 2
107 1
108 2
109 1
110 1
111 2
112 1
113 1
114 2
115 2
116 1
117 2
118 1
119 2
120 2
121 2
122 2
123 1
124 1
125 1
126 2
127 1
128 1
129 2
130 2
131 2
132 1
133 1
134 1
135 1
136 2
137 1
138 1
139 2
140 1
141 2
142 2
143 2
144 2
145 1
146 1
147 1
148 2
149 2
150 2
151 1
152 1
153 2
154 1
155 2
156 2
157 1
158 1
159 1
160 1
161 1
162 2
163 1
164 2
165 1
166 1
167 2
168 1
169 2
170 1
171 2
172 1
173 2
174 2
175 1
176 2
177 1
178 1
179 1
180 2
181 1
182 1
183 1
184 1
185 2
186 2
187 1
188 2
189 1
190 1
191 2
192 1
193 2
194 1
195 2
196 2
197 2
198 2
199 1
200 1
