// obj: 280.0
// running_duration: 0.5319571495056152
// gap: 0.0
// obj_bound: 280.0
// time_limit: ('TIME_LIMIT', <class 'float'>, 3600.0, 0.0, inf, inf)
// num_nodes: 100
1 1
2 1
3 1
4 1
5 1
6 2
7 2
8 1
9 2
10 2
11 2
12 1
13 2
14 1
15 1
16 2
17 2
18 1
19 2
20 2
21 1
22 1
23 2
24 2
25 1
26 2
27 1
28 1
29 2
30 2
31 2
32 2
33 1
34 1
35 1
36 2
37 1
38 1
39 2
40 1
41 2
42 1
43 2
44 1
45 2
46 1
47 2
48 2
49 2
50 1
51 1
52 2
53 2
54 2
55 2
56 2
57 2
58 1
59 1
60 2
61 1
62 1
63 2
64 1
65 2
66 2
67 2
68 2
69 1
70 1
71 2
72 2
73 1
74 1
75 2
76 2
77 1
78 2
79 2
80 2
81 1
82 2
83 2
84 2
85 1
86 2
87 2
88 2
89 1
90 2
91 2
92 2
93 1
94 2
95 2
96 2
97 1
98 2
99 1
100 1
