// obj: 1173.0
// running_duration: 3600.1562099456787
// gap: 0.020460358056265986
// obj_bound: 1197.0
// time_limit: ('TIME_LIMIT', <class 'float'>, 3600.0, 0.0, inf, inf)
// num_nodes: 400
1 1
2 1
3 2
4 2
5 2
6 1
7 1
8 2
9 2
10 1
11 2
12 1
13 2
14 1
15 2
16 1
17 2
18 2
19 1
20 1
21 2
22 1
23 1
24 2
25 1
26 2
27 1
28 2
29 2
30 1
31 2
32 2
33 1
34 2
35 2
36 1
37 2
38 1
39 1
40 1
41 2
42 1
43 1
44 1
45 1
46 1
47 1
48 2
49 1
50 2
51 1
52 1
53 2
54 2
55 1
56 1
57 2
58 2
59 1
60 2
61 1
62 1
63 1
64 2
65 1
66 1
67 1
68 1
69 1
70 2
71 1
72 1
73 2
74 1
75 1
76 1
77 1
78 1
79 2
80 2
81 1
82 2
83 2
84 2
85 1
86 2
87 1
88 2
89 2
90 2
91 2
92 1
93 1
94 1
95 1
96 2
97 1
98 1
99 2
100 2
101 2
102 1
103 2
104 2
105 2
106 1
107 2
108 1
109 2
110 2
111 1
112 1
113 1
114 1
115 2
116 1
117 1
118 1
119 1
120 2
121 2
122 1
123 2
124 1
125 1
126 2
127 1
128 1
129 1
130 2
131 1
132 1
133 1
134 1
135 1
136 2
137 2
138 1
139 1
140 2
141 1
142 1
143 1
144 2
145 2
146 1
147 1
148 1
149 2
150 2
151 2
152 1
153 2
154 2
155 1
156 1
157 2
158 2
159 1
160 1
161 1
162 1
163 2
164 2
165 1
166 2
167 1
168 2
169 2
170 2
171 2
172 2
173 2
174 2
175 2
176 1
177 1
178 2
179 2
180 2
181 2
182 1
183 2
184 2
185 2
186 1
187 1
188 2
189 2
190 1
191 1
192 2
193 1
194 2
195 2
196 2
197 2
198 1
199 2
200 1
201 1
202 2
203 2
204 1
205 1
206 2
207 2
208 1
209 2
210 1
211 1
212 1
213 1
214 1
215 1
216 1
217 2
218 1
219 1
220 2
221 1
222 1
223 1
224 1
225 2
226 2
227 2
228 2
229 2
230 1
231 2
232 2
233 1
234 1
235 1
236 2
237 2
238 1
239 1
240 2
241 2
242 2
243 1
244 2
245 2
246 2
247 2
248 2
249 2
250 1
251 2
252 2
253 2
254 1
255 1
256 2
257 1
258 2
259 1
260 1
261 1
262 1
263 2
264 1
265 2
266 1
267 2
268 1
269 2
270 2
271 2
272 1
273 2
274 1
275 1
276 2
277 1
278 1
279 1
280 1
281 2
282 2
283 1
284 2
285 1
286 1
287 1
288 1
289 2
290 2
291 1
292 2
293 1
294 2
295 1
296 2
297 2
298 1
299 2
300 1
301 1
302 1
303 1
304 1
305 1
306 2
307 2
308 1
309 2
310 1
311 1
312 1
313 1
314 2
315 2
316 2
317 1
318 2
319 2
320 2
321 2
322 1
323 2
324 2
325 1
326 2
327 1
328 1
329 2
330 1
331 2
332 1
333 1
334 1
335 2
336 2
337 2
338 2
339 1
340 2
341 1
342 2
343 2
344 2
345 1
346 1
347 1
348 2
349 1
350 1
351 1
352 2
353 1
354 1
355 2
356 1
357 2
358 2
359 2
360 2
361 1
362 1
363 2
364 2
365 1
366 1
367 1
368 1
369 2
370 2
371 1
372 1
373 2
374 2
375 1
376 1
377 1
378 1
379 2
380 2
381 2
382 2
383 2
384 1
385 2
386 1
387 2
388 1
389 2
390 2
391 1
392 2
393 2
394 1
395 2
396 2
397 2
398 1
399 1
400 1
