// obj: 1462.0
// running_duration: 3600.227695941925
// gap: 0.04103967168262654
// obj_bound: 1522.0
// time_limit: ('TIME_LIMIT', <class 'float'>, 3600.0, 0.0, inf, inf)
// num_nodes: 500
1 2
2 1
3 2
4 1
5 1
6 2
7 2
8 1
9 1
10 2
11 2
12 2
13 1
14 2
15 1
16 2
17 2
18 1
19 2
20 1
21 1
22 2
23 2
24 2
25 2
26 1
27 1
28 2
29 2
30 2
31 2
32 2
33 2
34 2
35 1
36 1
37 1
38 2
39 2
40 1
41 1
42 2
43 1
44 1
45 1
46 2
47 1
48 1
49 2
50 2
51 2
52 1
53 2
54 1
55 2
56 2
57 1
58 2
59 1
60 2
61 1
62 2
63 1
64 1
65 1
66 2
67 2
68 2
69 2
70 2
71 1
72 2
73 2
74 1
75 2
76 1
77 2
78 2
79 2
80 1
81 2
82 1
83 1
84 2
85 2
86 2
87 1
88 1
89 1
90 2
91 1
92 2
93 1
94 1
95 2
96 2
97 1
98 1
99 1
100 1
101 2
102 1
103 2
104 1
105 1
106 1
107 1
108 2
109 1
110 2
111 2
112 1
113 2
114 1
115 2
116 2
117 2
118 2
119 1
120 2
121 2
122 1
123 1
124 2
125 1
126 2
127 2
128 2
129 2
130 2
131 1
132 2
133 1
134 2
135 2
136 2
137 1
138 1
139 1
140 1
141 1
142 1
143 2
144 1
145 2
146 1
147 1
148 1
149 1
150 1
151 1
152 1
153 1
154 1
155 1
156 1
157 2
158 1
159 1
160 2
161 1
162 1
163 2
164 2
165 1
166 1
167 2
168 1
169 2
170 2
171 2
172 1
173 1
174 1
175 1
176 2
177 1
178 1
179 2
180 2
181 1
182 2
183 1
184 1
185 2
186 2
187 2
188 1
189 1
190 1
191 2
192 2
193 2
194 2
195 1
196 2
197 2
198 1
199 2
200 2
201 2
202 1
203 1
204 2
205 2
206 1
207 1
208 1
209 1
210 2
211 1
212 1
213 1
214 1
215 2
216 1
217 1
218 1
219 2
220 1
221 2
222 2
223 1
224 1
225 1
226 1
227 2
228 1
229 2
230 1
231 2
232 1
233 1
234 1
235 1
236 2
237 1
238 2
239 1
240 1
241 1
242 1
243 2
244 2
245 1
246 1
247 1
248 2
249 1
250 1
251 1
252 1
253 1
254 1
255 1
256 1
257 2
258 2
259 2
260 1
261 1
262 2
263 1
264 2
265 1
266 2
267 2
268 2
269 2
270 1
271 1
272 2
273 2
274 1
275 2
276 1
277 1
278 1
279 2
280 2
281 1
282 2
283 1
284 2
285 1
286 2
287 1
288 2
289 2
290 2
291 1
292 2
293 1
294 1
295 1
296 2
297 1
298 2
299 1
300 2
301 1
302 2
303 2
304 2
305 1
306 1
307 1
308 1
309 1
310 2
311 2
312 1
313 1
314 2
315 1
316 1
317 1
318 2
319 1
320 1
321 2
322 1
323 2
324 1
325 2
326 1
327 2
328 1
329 2
330 2
331 2
332 1
333 1
334 1
335 2
336 2
337 2
338 2
339 1
340 1
341 1
342 2
343 2
344 1
345 1
346 2
347 1
348 1
349 2
350 2
351 1
352 1
353 1
354 2
355 1
356 2
357 1
358 1
359 2
360 2
361 1
362 2
363 1
364 2
365 2
366 1
367 1
368 2
369 2
370 1
371 2
372 2
373 1
374 1
375 2
376 1
377 1
378 1
379 1
380 2
381 2
382 1
383 1
384 2
385 1
386 1
387 1
388 2
389 1
390 2
391 1
392 2
393 2
394 1
395 2
396 1
397 1
398 1
399 1
400 2
401 1
402 1
403 2
404 1
405 1
406 1
407 2
408 1
409 1
410 2
411 2
412 2
413 2
414 1
415 2
416 2
417 1
418 2
419 2
420 1
421 2
422 2
423 1
424 1
425 1
426 1
427 2
428 2
429 1
430 2
431 1
432 1
433 1
434 2
435 2
436 1
437 1
438 1
439 1
440 1
441 1
442 1
443 2
444 1
445 2
446 2
447 2
448 1
449 2
450 1
451 2
452 1
453 1
454 2
455 1
456 1
457 2
458 1
459 1
460 1
461 2
462 2
463 1
464 1
465 1
466 1
467 2
468 1
469 2
470 1
471 1
472 1
473 2
474 2
475 1
476 2
477 2
478 2
479 2
480 1
481 2
482 1
483 2
484 2
485 2
486 2
487 1
488 1
489 2
490 1
491 2
492 1
493 1
494 1
495 1
496 1
497 1
498 1
499 1
500 2
