// obj: 282.0
// running_duration: 0.2857489585876465
// gap: 0.0
// obj_bound: 282.0
// time_limit: ('TIME_LIMIT', <class 'float'>, 3600.0, 0.0, inf, inf)
// num_nodes: 100
1 1
2 2
3 2
4 1
5 1
6 1
7 1
8 1
9 1
10 2
11 2
12 2
13 1
14 1
15 1
16 2
17 2
18 1
19 2
20 2
21 2
22 2
23 1
24 1
25 2
26 2
27 2
28 1
29 2
30 1
31 1
32 1
33 1
34 1
35 1
36 1
37 2
38 2
39 2
40 1
41 1
42 2
43 2
44 1
45 2
46 1
47 1
48 2
49 2
50 2
51 1
52 2
53 2
54 1
55 1
56 2
57 2
58 1
59 2
60 2
61 1
62 2
63 1
64 2
65 2
66 1
67 1
68 1
69 1
70 2
71 2
72 1
73 1
74 2
75 2
76 2
77 2
78 2
79 1
80 2
81 2
82 2
83 2
84 2
85 2
86 2
87 2
88 2
89 1
90 2
91 2
92 1
93 1
94 1
95 1
96 2
97 2
98 2
99 1
100 2
