// obj: 1176.0
// running_duration: 3600.1183519363403
// gap: 0.013605442176870748
// obj_bound: 1192.0
// time_limit: ('TIME_LIMIT', <class 'float'>, 3600.0, 0.0, inf, inf)
// num_nodes: 400
1 1
2 2
3 1
4 2
5 1
6 2
7 2
8 2
9 1
10 2
11 2
12 1
13 1
14 2
15 1
16 1
17 2
18 1
19 2
20 1
21 1
22 2
23 2
24 2
25 2
26 1
27 2
28 1
29 1
30 2
31 2
32 2
33 2
34 2
35 2
36 2
37 2
38 2
39 2
40 2
41 1
42 1
43 1
44 1
45 1
46 2
47 1
48 1
49 1
50 2
51 1
52 2
53 2
54 1
55 2
56 1
57 2
58 2
59 1
60 1
61 2
62 1
63 1
64 2
65 1
66 1
67 1
68 2
69 2
70 1
71 1
72 1
73 2
74 1
75 2
76 1
77 1
78 2
79 2
80 1
81 1
82 1
83 2
84 1
85 1
86 1
87 2
88 2
89 1
90 2
91 2
92 2
93 1
94 2
95 2
96 1
97 2
98 2
99 1
100 2
101 1
102 1
103 2
104 2
105 2
106 2
107 1
108 2
109 1
110 2
111 1
112 2
113 1
114 2
115 1
116 1
117 1
118 2
119 1
120 2
121 1
122 1
123 2
124 1
125 2
126 2
127 2
128 1
129 1
130 2
131 2
132 1
133 2
134 2
135 2
136 2
137 1
138 2
139 1
140 1
141 1
142 2
143 1
144 1
145 1
146 1
147 2
148 2
149 1
150 1
151 2
152 1
153 2
154 1
155 1
156 2
157 2
158 1
159 1
160 2
161 2
162 2
163 1
164 1
165 2
166 2
167 1
168 2
169 1
170 2
171 2
172 2
173 2
174 2
175 1
176 1
177 1
178 2
179 1
180 1
181 2
182 1
183 1
184 2
185 1
186 1
187 1
188 1
189 1
190 1
191 1
192 1
193 2
194 1
195 1
196 2
197 2
198 2
199 2
200 2
201 2
202 1
203 2
204 2
205 2
206 2
207 1
208 2
209 2
210 1
211 1
212 2
213 2
214 1
215 1
216 1
217 2
218 1
219 2
220 2
221 2
222 2
223 1
224 1
225 1
226 2
227 2
228 2
229 1
230 1
231 2
232 1
233 1
234 2
235 1
236 2
237 1
238 1
239 2
240 1
241 2
242 2
243 1
244 1
245 1
246 2
247 1
248 2
249 2
250 2
251 1
252 2
253 1
254 1
255 2
256 2
257 2
258 1
259 1
260 2
261 2
262 1
263 2
264 1
265 2
266 1
267 1
268 1
269 1
270 1
271 1
272 1
273 2
274 1
275 1
276 1
277 1
278 1
279 1
280 1
281 1
282 2
283 1
284 1
285 1
286 1
287 2
288 2
289 1
290 1
291 1
292 2
293 2
294 1
295 1
296 2
297 2
298 1
299 2
300 1
301 1
302 2
303 1
304 2
305 1
306 1
307 2
308 1
309 1
310 1
311 1
312 2
313 2
314 2
315 1
316 2
317 2
318 1
319 2
320 1
321 1
322 2
323 2
324 1
325 1
326 1
327 1
328 1
329 2
330 2
331 2
332 1
333 1
334 1
335 2
336 2
337 1
338 2
339 2
340 1
341 2
342 2
343 1
344 2
345 2
346 2
347 1
348 2
349 2
350 1
351 1
352 2
353 1
354 1
355 1
356 1
357 1
358 1
359 1
360 2
361 2
362 1
363 2
364 1
365 1
366 1
367 1
368 1
369 2
370 1
371 2
372 1
373 1
374 2
375 1
376 2
377 1
378 2
379 1
380 2
381 1
382 1
383 2
384 1
385 2
386 1
387 1
388 1
389 1
390 1
391 2
392 1
393 1
394 1
395 1
396 1
397 2
398 2
399 2
400 1
