// obj: 1170.0
// running_duration: 3600.0585129261017
// gap: 0.017948717948717947
// obj_bound: 1191.0
// time_limit: ('TIME_LIMIT', <class 'float'>, 3600.0, 0.0, inf, inf)
// num_nodes: 400
1 1
2 1
3 2
4 1
5 2
6 1
7 1
8 2
9 1
10 1
11 1
12 2
13 1
14 2
15 1
16 2
17 1
18 2
19 2
20 2
21 1
22 2
23 2
24 2
25 2
26 2
27 2
28 1
29 1
30 1
31 1
32 1
33 2
34 1
35 2
36 1
37 1
38 2
39 2
40 1
41 1
42 1
43 1
44 2
45 1
46 1
47 2
48 2
49 1
50 1
51 2
52 2
53 1
54 1
55 2
56 1
57 2
58 2
59 2
60 1
61 1
62 1
63 2
64 2
65 2
66 1
67 2
68 1
69 2
70 1
71 1
72 2
73 1
74 2
75 2
76 1
77 2
78 1
79 1
80 2
81 2
82 2
83 2
84 2
85 2
86 1
87 1
88 2
89 1
90 2
91 1
92 1
93 2
94 2
95 1
96 2
97 1
98 2
99 2
100 1
101 2
102 2
103 1
104 1
105 2
106 2
107 2
108 1
109 1
110 2
111 1
112 1
113 2
114 2
115 1
116 2
117 2
118 2
119 2
120 2
121 2
122 1
123 1
124 2
125 1
126 2
127 2
128 2
129 1
130 1
131 2
132 1
133 2
134 2
135 1
136 1
137 1
138 2
139 2
140 2
141 1
142 1
143 1
144 2
145 1
146 2
147 1
148 2
149 2
150 2
151 1
152 1
153 2
154 1
155 2
156 1
157 1
158 2
159 1
160 2
161 1
162 1
163 2
164 2
165 2
166 1
167 2
168 2
169 1
170 2
171 2
172 1
173 2
174 1
175 2
176 1
177 2
178 1
179 2
180 1
181 2
182 1
183 2
184 1
185 1
186 2
187 1
188 2
189 2
190 1
191 2
192 1
193 2
194 1
195 2
196 2
197 1
198 1
199 1
200 2
201 1
202 2
203 1
204 1
205 2
206 1
207 2
208 2
209 2
210 2
211 1
212 1
213 1
214 2
215 2
216 1
217 1
218 1
219 1
220 2
221 1
222 1
223 1
224 1
225 1
226 1
227 1
228 2
229 1
230 1
231 1
232 2
233 1
234 2
235 2
236 2
237 1
238 1
239 1
240 1
241 2
242 1
243 1
244 2
245 2
246 1
247 1
248 2
249 2
250 1
251 2
252 1
253 2
254 1
255 1
256 1
257 2
258 1
259 1
260 1
261 2
262 1
263 2
264 2
265 2
266 2
267 2
268 1
269 1
270 2
271 2
272 2
273 2
274 2
275 2
276 1
277 1
278 1
279 2
280 2
281 1
282 2
283 2
284 2
285 1
286 1
287 2
288 2
289 2
290 2
291 2
292 2
293 1
294 2
295 2
296 1
297 2
298 2
299 2
300 1
301 2
302 2
303 1
304 2
305 2
306 2
307 2
308 2
309 2
310 1
311 2
312 2
313 2
314 1
315 1
316 2
317 2
318 1
319 1
320 1
321 2
322 1
323 1
324 2
325 1
326 2
327 2
328 2
329 2
330 2
331 2
332 2
333 2
334 1
335 2
336 1
337 1
338 1
339 2
340 1
341 2
342 1
343 1
344 1
345 2
346 1
347 1
348 1
349 1
350 1
351 2
352 2
353 2
354 2
355 2
356 1
357 1
358 2
359 1
360 1
361 2
362 1
363 1
364 2
365 1
366 1
367 1
368 2
369 2
370 2
371 2
372 1
373 1
374 1
375 2
376 1
377 1
378 1
379 2
380 2
381 2
382 1
383 1
384 1
385 1
386 1
387 2
388 1
389 2
390 2
391 2
392 2
393 2
394 2
395 1
396 1
397 1
398 2
399 1
400 2
