// obj: 586.0
// running_duration: 33.04791808128357
// gap: 0.0
// obj_bound: 586.0
// time_limit: ('TIME_LIMIT', <class 'float'>, 3600.0, 0.0, inf, inf)
// num_nodes: 200
1 1
2 1
3 1
4 1
5 2
6 1
7 1
8 1
9 1
10 2
11 2
12 2
13 1
14 2
15 1
16 1
17 1
18 1
19 2
20 1
21 2
22 2
23 1
24 2
25 2
26 2
27 1
28 2
29 2
30 1
31 2
32 2
33 2
34 1
35 2
36 2
37 2
38 2
39 1
40 2
41 2
42 1
43 1
44 2
45 2
46 1
47 2
48 2
49 2
50 2
51 2
52 1
53 1
54 2
55 1
56 2
57 2
58 2
59 1
60 1
61 2
62 1
63 1
64 2
65 1
66 2
67 2
68 2
69 2
70 1
71 2
72 2
73 2
74 2
75 2
76 1
77 2
78 1
79 1
80 2
81 2
82 1
83 1
84 1
85 1
86 2
87 1
88 2
89 2
90 2
91 2
92 2
93 1
94 1
95 2
96 1
97 1
98 2
99 2
100 1
101 1
102 1
103 1
104 1
105 2
106 1
107 2
108 1
109 2
110 1
111 1
112 1
113 1
114 1
115 1
116 1
117 2
118 1
119 2
120 1
121 1
122 1
123 1
124 1
125 2
126 2
127 2
128 2
129 1
130 1
131 2
132 2
133 2
134 2
135 2
136 1
137 1
138 1
139 2
140 2
141 1
142 1
143 1
144 1
145 2
146 2
147 2
148 2
149 1
150 2
151 1
152 1
153 1
154 1
155 2
156 1
157 1
158 1
159 2
160 2
161 2
162 1
163 2
164 2
165 2
166 2
167 1
168 2
169 2
170 2
171 1
172 1
173 1
174 2
175 1
176 1
177 1
178 2
179 2
180 2
181 2
182 1
183 1
184 2
185 1
186 2
187 2
188 2
189 1
190 2
191 1
192 2
193 2
194 2
195 1
196 1
197 2
198 1
199 2
200 1
