// obj: 1169.0
// running_duration: 3600.1048300266266
// gap: 0.00855431993156544
// obj_bound: 1179.0
// time_limit: ('TIME_LIMIT', <class 'float'>, 3600.0, 0.0, inf, inf)
// num_nodes: 400
1 2
2 2
3 2
4 2
5 1
6 2
7 1
8 2
9 1
10 1
11 2
12 2
13 2
14 1
15 2
16 2
17 1
18 2
19 1
20 1
21 1
22 1
23 1
24 1
25 2
26 1
27 1
28 2
29 2
30 1
31 1
32 1
33 1
34 1
35 1
36 2
37 1
38 2
39 1
40 1
41 1
42 2
43 2
44 2
45 2
46 1
47 2
48 2
49 1
50 1
51 1
52 2
53 1
54 1
55 1
56 2
57 1
58 2
59 1
60 1
61 2
62 2
63 1
64 1
65 1
66 1
67 1
68 1
69 1
70 1
71 1
72 1
73 2
74 1
75 1
76 2
77 2
78 1
79 2
80 1
81 1
82 1
83 1
84 2
85 2
86 2
87 2
88 2
89 1
90 1
91 2
92 2
93 1
94 2
95 1
96 2
97 1
98 2
99 1
100 2
101 2
102 1
103 1
104 2
105 2
106 2
107 1
108 2
109 2
110 2
111 2
112 1
113 2
114 1
115 1
116 1
117 2
118 2
119 2
120 2
121 2
122 1
123 2
124 2
125 2
126 1
127 2
128 2
129 1
130 2
131 1
132 1
133 2
134 2
135 1
136 2
137 2
138 1
139 1
140 2
141 2
142 1
143 2
144 2
145 2
146 1
147 1
148 2
149 1
150 1
151 2
152 2
153 2
154 1
155 1
156 2
157 2
158 2
159 2
160 1
161 2
162 1
163 2
164 2
165 2
166 2
167 2
168 2
169 1
170 1
171 2
172 1
173 2
174 1
175 2
176 2
177 2
178 2
179 1
180 2
181 2
182 2
183 1
184 1
185 1
186 2
187 1
188 1
189 2
190 2
191 1
192 1
193 1
194 2
195 1
196 2
197 1
198 1
199 2
200 2
201 1
202 2
203 2
204 2
205 1
206 1
207 2
208 1
209 1
210 2
211 2
212 2
213 1
214 1
215 1
216 1
217 1
218 1
219 2
220 1
221 1
222 2
223 1
224 1
225 2
226 2
227 2
228 1
229 1
230 2
231 1
232 1
233 2
234 2
235 2
236 2
237 1
238 1
239 2
240 1
241 2
242 1
243 2
244 2
245 2
246 2
247 2
248 1
249 2
250 2
251 2
252 2
253 2
254 2
255 1
256 2
257 1
258 2
259 1
260 1
261 1
262 2
263 2
264 2
265 1
266 2
267 2
268 1
269 1
270 2
271 1
272 1
273 2
274 1
275 1
276 2
277 2
278 2
279 1
280 2
281 2
282 2
283 2
284 2
285 1
286 1
287 2
288 1
289 2
290 2
291 2
292 1
293 1
294 2
295 2
296 2
297 1
298 1
299 2
300 1
301 2
302 2
303 2
304 2
305 1
306 1
307 2
308 1
309 2
310 2
311 1
312 2
313 2
314 2
315 1
316 1
317 2
318 1
319 2
320 1
321 1
322 2
323 1
324 1
325 1
326 1
327 2
328 1
329 1
330 1
331 1
332 2
333 2
334 2
335 2
336 1
337 2
338 1
339 1
340 2
341 1
342 2
343 2
344 1
345 2
346 2
347 1
348 2
349 2
350 2
351 2
352 1
353 1
354 2
355 1
356 1
357 1
358 1
359 2
360 1
361 2
362 2
363 1
364 1
365 2
366 1
367 2
368 2
369 1
370 1
371 1
372 2
373 1
374 1
375 2
376 2
377 2
378 2
379 2
380 2
381 1
382 2
383 1
384 1
385 1
386 2
387 2
388 1
389 1
390 2
391 1
392 2
393 2
394 1
395 2
396 2
397 1
398 2
399 2
400 1
