// obj: 1181.0
// running_duration: 3600.081937789917
// gap: 0.004233700254022015
// obj_bound: 1186.0
// time_limit: ('TIME_LIMIT', <class 'float'>, 3600.0, 0.0, inf, inf)
// num_nodes: 400
1 1
2 1
3 1
4 2
5 2
6 2
7 1
8 1
9 1
10 2
11 2
12 1
13 1
14 1
15 2
16 1
17 2
18 1
19 2
20 1
21 1
22 2
23 1
24 2
25 1
26 2
27 2
28 1
29 2
30 2
31 2
32 2
33 2
34 1
35 2
36 2
37 2
38 1
39 1
40 2
41 2
42 2
43 2
44 2
45 2
46 2
47 1
48 1
49 1
50 2
51 1
52 1
53 1
54 1
55 1
56 2
57 2
58 2
59 1
60 2
61 2
62 1
63 1
64 2
65 2
66 1
67 2
68 2
69 2
70 2
71 1
72 2
73 1
74 1
75 1
76 1
77 2
78 2
79 2
80 1
81 1
82 1
83 2
84 2
85 2
86 2
87 2
88 2
89 2
90 1
91 1
92 1
93 1
94 2
95 2
96 1
97 2
98 1
99 1
100 1
101 1
102 1
103 1
104 2
105 1
106 1
107 2
108 1
109 2
110 1
111 2
112 1
113 1
114 2
115 1
116 1
117 2
118 2
119 2
120 1
121 2
122 1
123 1
124 1
125 2
126 1
127 1
128 1
129 2
130 2
131 1
132 2
133 2
134 2
135 2
136 2
137 1
138 1
139 2
140 2
141 1
142 2
143 1
144 1
145 1
146 2
147 1
148 2
149 2
150 1
151 1
152 1
153 2
154 1
155 1
156 1
157 2
158 2
159 2
160 2
161 1
162 2
163 1
164 2
165 2
166 1
167 1
168 1
169 1
170 1
171 2
172 1
173 2
174 2
175 1
176 1
177 2
178 1
179 2
180 1
181 1
182 2
183 1
184 1
185 2
186 2
187 1
188 1
189 1
190 2
191 2
192 1
193 2
194 1
195 2
196 1
197 1
198 2
199 2
200 1
201 2
202 2
203 1
204 2
205 1
206 1
207 2
208 2
209 2
210 2
211 1
212 1
213 1
214 2
215 1
216 2
217 2
218 1
219 2
220 2
221 2
222 2
223 1
224 2
225 2
226 2
227 2
228 2
229 1
230 2
231 2
232 1
233 1
234 1
235 2
236 2
237 2
238 2
239 1
240 2
241 2
242 2
243 1
244 1
245 1
246 2
247 1
248 1
249 1
250 1
251 2
252 2
253 2
254 2
255 1
256 2
257 1
258 1
259 1
260 2
261 1
262 2
263 2
264 1
265 1
266 2
267 1
268 2
269 1
270 1
271 2
272 2
273 2
274 1
275 1
276 2
277 2
278 2
279 1
280 2
281 1
282 2
283 1
284 2
285 1
286 1
287 1
288 2
289 2
290 2
291 2
292 1
293 1
294 2
295 2
296 2
297 1
298 2
299 1
300 2
301 2
302 1
303 2
304 1
305 1
306 2
307 2
308 2
309 1
310 2
311 1
312 1
313 2
314 2
315 2
316 2
317 2
318 1
319 1
320 1
321 1
322 2
323 1
324 2
325 2
326 1
327 1
328 2
329 2
330 2
331 1
332 1
333 1
334 1
335 2
336 2
337 2
338 2
339 2
340 1
341 2
342 2
343 1
344 2
345 2
346 1
347 1
348 1
349 1
350 1
351 2
352 1
353 2
354 2
355 2
356 2
357 2
358 1
359 2
360 1
361 1
362 2
363 2
364 1
365 2
366 1
367 1
368 2
369 1
370 1
371 1
372 2
373 1
374 2
375 1
376 2
377 2
378 2
379 2
380 2
381 2
382 2
383 2
384 1
385 1
386 2
387 2
388 1
389 2
390 2
391 1
392 1
393 2
394 2
395 1
396 2
397 2
398 2
399 1
400 1
