// obj: 580.0
// running_duration: 78.32890200614929
// gap: 0.0
// obj_bound: 580.0
// time_limit: ('TIME_LIMIT', <class 'float'>, 3600.0, 0.0, inf, inf)
// num_nodes: 200
1 2
2 1
3 1
4 1
5 1
6 2
7 1
8 2
9 2
10 2
11 1
12 2
13 2
14 2
15 2
16 2
17 2
18 2
19 2
20 1
21 2
22 2
23 1
24 1
25 1
26 2
27 2
28 1
29 1
30 1
31 2
32 2
33 2
34 1
35 2
36 2
37 2
38 2
39 2
40 1
41 1
42 1
43 2
44 1
45 1
46 2
47 2
48 2
49 2
50 1
51 2
52 2
53 1
54 2
55 2
56 1
57 2
58 2
59 1
60 2
61 1
62 2
63 2
64 1
65 1
66 1
67 1
68 1
69 1
70 2
71 1
72 2
73 2
74 1
75 1
76 1
77 2
78 1
79 2
80 2
81 1
82 2
83 1
84 1
85 1
86 1
87 2
88 1
89 2
90 1
91 1
92 1
93 2
94 1
95 1
96 1
97 2
98 2
99 2
100 2
101 1
102 2
103 2
104 2
105 1
106 2
107 2
108 1
109 1
110 1
111 1
112 2
113 2
114 1
115 1
116 2
117 2
118 2
119 1
120 2
121 1
122 2
123 2
124 1
125 1
126 1
127 2
128 2
129 2
130 2
131 1
132 2
133 1
134 1
135 1
136 1
137 1
138 1
139 1
140 2
141 2
142 1
143 1
144 2
145 1
146 2
147 1
148 2
149 1
150 1
151 1
152 2
153 1
154 2
155 2
156 1
157 2
158 2
159 2
160 2
161 1
162 2
163 2
164 1
165 1
166 1
167 2
168 1
169 2
170 1
171 2
172 2
173 2
174 2
175 2
176 1
177 2
178 1
179 2
180 1
181 2
182 2
183 1
184 1
185 2
186 2
187 2
188 2
189 2
190 2
191 2
192 1
193 2
194 1
195 2
196 2
197 1
198 1
199 1
200 2
