// obj: 891.0
// running_duration: 372.2303659915924
// gap: 0.0
// obj_bound: 891.0
// time_limit: ('TIME_LIMIT', <class 'float'>, 3600.0, 0.0, inf, inf)
// num_nodes: 300
1 1
2 1
3 1
4 1
5 1
6 2
7 2
8 2
9 1
10 2
11 2
12 1
13 1
14 1
15 2
16 2
17 1
18 1
19 2
20 1
21 1
22 2
23 2
24 1
25 2
26 1
27 1
28 2
29 1
30 1
31 2
32 2
33 2
34 2
35 2
36 2
37 1
38 2
39 2
40 2
41 2
42 1
43 2
44 2
45 2
46 1
47 2
48 1
49 1
50 2
51 1
52 2
53 2
54 2
55 1
56 2
57 2
58 2
59 1
60 2
61 2
62 1
63 1
64 1
65 2
66 2
67 1
68 1
69 2
70 2
71 2
72 2
73 2
74 2
75 2
76 1
77 2
78 1
79 2
80 2
81 1
82 1
83 1
84 1
85 2
86 2
87 2
88 2
89 2
90 2
91 2
92 1
93 1
94 2
95 2
96 1
97 1
98 2
99 1
100 2
101 1
102 2
103 1
104 2
105 1
106 2
107 2
108 2
109 1
110 2
111 2
112 1
113 2
114 1
115 2
116 2
117 1
118 2
119 1
120 1
121 1
122 1
123 2
124 2
125 2
126 1
127 2
128 1
129 1
130 2
131 1
132 2
133 1
134 2
135 1
136 2
137 2
138 2
139 1
140 2
141 1
142 1
143 1
144 1
145 2
146 2
147 2
148 2
149 1
150 1
151 2
152 1
153 1
154 1
155 1
156 2
157 1
158 2
159 2
160 1
161 2
162 2
163 1
164 1
165 1
166 1
167 2
168 1
169 1
170 2
171 2
172 2
173 1
174 1
175 1
176 2
177 1
178 1
179 2
180 2
181 2
182 1
183 1
184 2
185 2
186 2
187 2
188 2
189 2
190 1
191 2
192 2
193 1
194 1
195 2
196 2
197 2
198 2
199 2
200 1
201 1
202 1
203 1
204 2
205 1
206 2
207 1
208 2
209 1
210 2
211 1
212 1
213 2
214 1
215 2
216 2
217 1
218 2
219 2
220 1
221 1
222 2
223 2
224 1
225 1
226 1
227 1
228 1
229 2
230 1
231 1
232 2
233 1
234 1
235 2
236 1
237 1
238 2
239 1
240 2
241 2
242 1
243 1
244 2
245 2
246 1
247 2
248 1
249 1
250 2
251 1
252 2
253 2
254 1
255 1
256 1
257 2
258 2
259 1
260 1
261 2
262 1
263 1
264 1
265 2
266 1
267 2
268 1
269 2
270 2
271 2
272 2
273 1
274 2
275 2
276 2
277 2
278 1
279 1
280 2
281 2
282 1
283 2
284 1
285 2
286 1
287 1
288 1
289 1
290 1
291 1
292 1
293 2
294 1
295 1
296 2
297 2
298 1
299 2
300 1
