// obj: 1171.0
// running_duration: 2198.9030318260193
// gap: 0.0
// obj_bound: 1171.0
// time_limit: ('TIME_LIMIT', <class 'float'>, 3600.0, 0.0, inf, inf)
// num_nodes: 400
1 2
2 2
3 1
4 1
5 2
6 2
7 1
8 1
9 1
10 1
11 2
12 2
13 1
14 1
15 2
16 2
17 1
18 2
19 2
20 1
21 2
22 2
23 2
24 1
25 2
26 2
27 1
28 2
29 2
30 2
31 2
32 2
33 2
34 2
35 1
36 1
37 2
38 2
39 1
40 2
41 2
42 1
43 1
44 2
45 2
46 1
47 2
48 1
49 2
50 1
51 2
52 2
53 1
54 1
55 1
56 2
57 2
58 2
59 1
60 1
61 2
62 2
63 2
64 1
65 2
66 1
67 1
68 2
69 2
70 1
71 2
72 2
73 1
74 1
75 1
76 1
77 2
78 2
79 1
80 2
81 2
82 1
83 2
84 1
85 1
86 2
87 1
88 2
89 1
90 1
91 1
92 2
93 2
94 1
95 1
96 1
97 1
98 1
99 1
100 1
101 1
102 2
103 1
104 2
105 1
106 2
107 1
108 1
109 1
110 1
111 2
112 1
113 2
114 1
115 1
116 2
117 2
118 1
119 2
120 1
121 1
122 1
123 2
124 2
125 1
126 2
127 1
128 1
129 1
130 2
131 1
132 1
133 2
134 2
135 2
136 2
137 2
138 1
139 1
140 1
141 1
142 1
143 2
144 1
145 2
146 1
147 2
148 2
149 2
150 1
151 2
152 1
153 2
154 1
155 2
156 1
157 2
158 2
159 1
160 1
161 1
162 2
163 2
164 1
165 1
166 1
167 1
168 1
169 1
170 1
171 2
172 2
173 1
174 1
175 1
176 2
177 2
178 2
179 1
180 2
181 1
182 2
183 2
184 1
185 1
186 2
187 2
188 1
189 1
190 2
191 1
192 1
193 2
194 2
195 1
196 2
197 2
198 2
199 2
200 2
201 1
202 1
203 2
204 1
205 2
206 2
207 2
208 2
209 1
210 1
211 1
212 2
213 1
214 1
215 2
216 1
217 1
218 1
219 2
220 1
221 1
222 2
223 1
224 2
225 2
226 1
227 1
228 1
229 2
230 1
231 2
232 1
233 1
234 1
235 1
236 2
237 1
238 2
239 2
240 2
241 1
242 2
243 2
244 2
245 2
246 1
247 1
248 2
249 1
250 1
251 1
252 2
253 1
254 2
255 1
256 1
257 2
258 1
259 1
260 1
261 2
262 1
263 2
264 2
265 2
266 1
267 1
268 1
269 2
270 1
271 2
272 2
273 2
274 2
275 1
276 2
277 1
278 2
279 1
280 1
281 2
282 2
283 1
284 2
285 1
286 1
287 2
288 2
289 1
290 1
291 2
292 1
293 2
294 2
295 1
296 1
297 2
298 2
299 2
300 2
301 1
302 1
303 1
304 2
305 1
306 1
307 2
308 2
309 2
310 1
311 1
312 2
313 2
314 1
315 2
316 2
317 2
318 1
319 2
320 1
321 2
322 1
323 1
324 1
325 2
326 2
327 1
328 1
329 2
330 2
331 1
332 1
333 2
334 2
335 2
336 2
337 2
338 1
339 1
340 1
341 2
342 1
343 1
344 1
345 1
346 2
347 2
348 1
349 2
350 1
351 2
352 2
353 2
354 1
355 1
356 2
357 2
358 1
359 2
360 1
361 1
362 1
363 1
364 2
365 2
366 1
367 1
368 1
369 2
370 1
371 2
372 1
373 1
374 2
375 1
376 1
377 1
378 2
379 1
380 1
381 2
382 2
383 1
384 1
385 1
386 1
387 1
388 2
389 1
390 2
391 1
392 1
393 1
394 1
395 2
396 1
397 1
398 2
399 2
400 2
