// obj: 1176.0
// running_duration: 3600.0652661323547
// gap: 0.02295918367346939
// obj_bound: 1203.0
// time_limit: ('TIME_LIMIT', <class 'float'>, 3600.0, 0.0, inf, inf)
// num_nodes: 400
1 2
2 2
3 1
4 1
5 2
6 1
7 1
8 1
9 1
10 1
11 2
12 1
13 2
14 2
15 2
16 1
17 2
18 1
19 2
20 1
21 2
22 1
23 1
24 1
25 1
26 1
27 1
28 2
29 1
30 2
31 2
32 1
33 1
34 1
35 2
36 1
37 2
38 1
39 1
40 2
41 2
42 1
43 1
44 2
45 2
46 1
47 2
48 1
49 1
50 2
51 2
52 1
53 1
54 2
55 1
56 2
57 1
58 1
59 2
60 1
61 2
62 2
63 2
64 2
65 1
66 1
67 2
68 2
69 2
70 2
71 1
72 2
73 2
74 1
75 2
76 1
77 2
78 1
79 2
80 1
81 2
82 2
83 1
84 2
85 2
86 1
87 2
88 2
89 2
90 1
91 2
92 1
93 1
94 2
95 1
96 1
97 1
98 1
99 2
100 2
101 2
102 1
103 2
104 2
105 2
106 1
107 1
108 1
109 1
110 2
111 1
112 2
113 2
114 2
115 1
116 2
117 2
118 2
119 2
120 2
121 1
122 1
123 1
124 1
125 2
126 1
127 1
128 1
129 1
130 1
131 2
132 2
133 2
134 2
135 2
136 1
137 1
138 2
139 1
140 2
141 2
142 2
143 1
144 2
145 1
146 2
147 2
148 1
149 1
150 1
151 1
152 2
153 1
154 1
155 2
156 2
157 1
158 2
159 2
160 2
161 2
162 2
163 1
164 1
165 2
166 1
167 2
168 2
169 2
170 1
171 2
172 1
173 2
174 2
175 2
176 1
177 1
178 1
179 1
180 2
181 1
182 1
183 2
184 1
185 2
186 1
187 1
188 2
189 2
190 2
191 1
192 1
193 1
194 1
195 1
196 1
197 2
198 2
199 2
200 2
201 2
202 1
203 1
204 2
205 1
206 2
207 1
208 1
209 2
210 1
211 2
212 1
213 1
214 2
215 1
216 1
217 1
218 2
219 2
220 2
221 2
222 1
223 1
224 2
225 1
226 1
227 2
228 1
229 2
230 1
231 2
232 1
233 2
234 2
235 1
236 1
237 2
238 2
239 2
240 1
241 1
242 1
243 2
244 1
245 2
246 2
247 2
248 1
249 2
250 1
251 2
252 1
253 2
254 1
255 1
256 2
257 1
258 2
259 2
260 2
261 1
262 1
263 1
264 1
265 2
266 2
267 2
268 1
269 1
270 2
271 2
272 1
273 2
274 2
275 1
276 1
277 2
278 1
279 1
280 1
281 1
282 2
283 2
284 2
285 1
286 1
287 1
288 2
289 1
290 1
291 1
292 2
293 2
294 2
295 2
296 2
297 2
298 2
299 1
300 2
301 1
302 2
303 2
304 2
305 2
306 2
307 2
308 2
309 1
310 1
311 2
312 1
313 1
314 2
315 2
316 1
317 1
318 1
319 1
320 2
321 1
322 1
323 1
324 2
325 1
326 1
327 2
328 2
329 1
330 1
331 2
332 2
333 2
334 1
335 2
336 2
337 1
338 1
339 2
340 2
341 2
342 2
343 1
344 1
345 2
346 2
347 1
348 2
349 1
350 2
351 1
352 2
353 2
354 2
355 1
356 2
357 1
358 1
359 2
360 2
361 1
362 2
363 2
364 1
365 1
366 2
367 1
368 2
369 1
370 1
371 2
372 2
373 1
374 1
375 2
376 2
377 1
378 1
379 1
380 1
381 2
382 2
383 1
384 2
385 1
386 2
387 1
388 1
389 2
390 1
391 2
392 2
393 2
394 2
395 2
396 2
397 1
398 2
399 2
400 1
