// obj: 278.0
// running_duration: 0.4381592273712158
// gap: 0.0
// obj_bound: 278.0
// time_limit: ('TIME_LIMIT', <class 'float'>, 3600.0, 0.0, inf, inf)
// num_nodes: 100
1 2
2 1
3 2
4 1
5 1
6 1
7 2
8 1
9 1
10 1
11 1
12 1
13 2
14 2
15 2
16 2
17 2
18 2
19 2
20 2
21 1
22 1
23 1
24 2
25 1
26 2
27 2
28 2
29 2
30 2
31 1
32 2
33 2
34 1
35 2
36 1
37 2
38 2
39 1
40 1
41 2
42 2
43 2
44 2
45 1
46 1
47 1
48 2
49 1
50 1
51 1
52 1
53 1
54 2
55 1
56 1
57 1
58 2
59 2
60 2
61 2
62 2
63 1
64 2
65 1
66 1
67 2
68 1
69 2
70 2
71 2
72 2
73 2
74 1
75 1
76 1
77 2
78 2
79 2
80 2
81 2
82 1
83 2
84 1
85 2
86 1
87 1
88 1
89 1
90 1
91 1
92 1
93 2
94 1
95 1
96 2
97 2
98 1
99 2
100 2
