// obj: 878.0
// running_duration: 886.8632941246033
// gap: 0.0
// obj_bound: 878.0
// time_limit: ('TIME_LIMIT', <class 'float'>, 3600.0, 0.0, inf, inf)
// num_nodes: 300
1 2
2 1
3 2
4 2
5 1
6 2
7 1
8 2
9 2
10 2
11 1
12 2
13 1
14 2
15 1
16 1
17 1
18 2
19 2
20 1
21 1
22 2
23 1
24 1
25 2
26 2
27 1
28 2
29 2
30 1
31 2
32 1
33 2
34 1
35 1
36 1
37 1
38 2
39 2
40 2
41 2
42 1
43 2
44 2
45 2
46 2
47 1
48 2
49 1
50 2
51 1
52 2
53 2
54 1
55 2
56 2
57 2
58 2
59 1
60 2
61 1
62 2
63 2
64 2
65 2
66 2
67 1
68 2
69 1
70 1
71 1
72 1
73 1
74 2
75 1
76 2
77 1
78 2
79 2
80 2
81 2
82 1
83 2
84 1
85 1
86 2
87 1
88 2
89 1
90 2
91 1
92 1
93 1
94 1
95 1
96 2
97 2
98 2
99 1
100 1
101 1
102 1
103 1
104 2
105 2
106 1
107 1
108 2
109 1
110 1
111 2
112 2
113 1
114 1
115 2
116 2
117 2
118 2
119 1
120 2
121 1
122 2
123 1
124 1
125 1
126 1
127 2
128 2
129 1
130 2
131 1
132 1
133 1
134 1
135 2
136 1
137 1
138 2
139 2
140 2
141 1
142 1
143 1
144 1
145 2
146 1
147 1
148 1
149 1
150 2
151 2
152 1
153 1
154 2
155 2
156 2
157 2
158 1
159 1
160 1
161 2
162 2
163 1
164 1
165 1
166 2
167 1
168 1
169 2
170 2
171 2
172 2
173 2
174 2
175 1
176 2
177 2
178 2
179 2
180 1
181 1
182 1
183 1
184 1
185 2
186 2
187 1
188 2
189 1
190 2
191 1
192 2
193 2
194 1
195 2
196 2
197 2
198 1
199 2
200 1
201 2
202 2
203 1
204 2
205 1
206 2
207 1
208 1
209 1
210 1
211 2
212 2
213 2
214 1
215 1
216 1
217 1
218 1
219 1
220 1
221 1
222 2
223 2
224 1
225 2
226 1
227 2
228 1
229 1
230 2
231 1
232 2
233 1
234 2
235 2
236 2
237 2
238 2
239 2
240 1
241 2
242 2
243 1
244 1
245 1
246 1
247 2
248 1
249 1
250 1
251 1
252 1
253 2
254 2
255 1
256 2
257 2
258 2
259 1
260 2
261 1
262 2
263 2
264 1
265 1
266 1
267 1
268 1
269 2
270 1
271 1
272 2
273 1
274 1
275 2
276 1
277 1
278 1
279 2
280 2
281 1
282 1
283 1
284 2
285 1
286 2
287 1
288 2
289 1
290 1
291 2
292 2
293 2
294 1
295 1
296 2
297 2
298 1
299 1
300 1
