// obj: 1173.0
// running_duration: 3600.0309398174286
// gap: 0.005115089514066497
// obj_bound: 1179.0
// time_limit: ('TIME_LIMIT', <class 'float'>, 3600.0, 0.0, inf, inf)
// num_nodes: 400
1 1
2 1
3 2
4 1
5 1
6 2
7 2
8 2
9 2
10 2
11 1
12 2
13 2
14 2
15 1
16 2
17 1
18 2
19 2
20 1
21 1
22 2
23 1
24 2
25 1
26 1
27 2
28 2
29 2
30 1
31 2
32 1
33 2
34 2
35 1
36 1
37 2
38 1
39 2
40 1
41 2
42 2
43 1
44 1
45 2
46 2
47 1
48 2
49 2
50 1
51 1
52 1
53 1
54 1
55 2
56 2
57 2
58 2
59 1
60 2
61 2
62 1
63 1
64 1
65 2
66 1
67 1
68 1
69 2
70 1
71 2
72 2
73 2
74 2
75 1
76 2
77 2
78 2
79 1
80 2
81 1
82 2
83 1
84 2
85 1
86 1
87 2
88 1
89 2
90 1
91 1
92 1
93 1
94 2
95 2
96 1
97 1
98 1
99 2
100 1
101 2
102 2
103 2
104 2
105 2
106 1
107 1
108 1
109 2
110 2
111 1
112 1
113 1
114 1
115 2
116 2
117 2
118 2
119 2
120 1
121 2
122 1
123 1
124 2
125 1
126 1
127 1
128 1
129 1
130 2
131 2
132 1
133 1
134 2
135 2
136 2
137 1
138 1
139 2
140 1
141 2
142 1
143 1
144 2
145 1
146 2
147 2
148 2
149 1
150 1
151 1
152 1
153 1
154 2
155 1
156 1
157 1
158 1
159 2
160 2
161 1
162 2
163 2
164 2
165 2
166 2
167 1
168 1
169 2
170 2
171 1
172 2
173 1
174 2
175 1
176 1
177 2
178 1
179 2
180 2
181 1
182 2
183 1
184 1
185 1
186 1
187 1
188 1
189 2
190 1
191 1
192 1
193 1
194 2
195 2
196 1
197 2
198 1
199 1
200 1
201 2
202 1
203 1
204 1
205 1
206 1
207 2
208 1
209 2
210 1
211 2
212 2
213 2
214 1
215 2
216 2
217 2
218 2
219 1
220 1
221 2
222 2
223 2
224 1
225 1
226 1
227 1
228 1
229 2
230 1
231 1
232 1
233 2
234 2
235 1
236 2
237 2
238 1
239 1
240 1
241 1
242 1
243 1
244 2
245 1
246 2
247 1
248 2
249 1
250 2
251 2
252 2
253 2
254 2
255 2
256 1
257 1
258 1
259 1
260 1
261 1
262 2
263 1
264 1
265 1
266 2
267 2
268 2
269 1
270 2
271 2
272 2
273 1
274 1
275 1
276 1
277 2
278 2
279 1
280 1
281 2
282 1
283 1
284 1
285 1
286 1
287 2
288 2
289 1
290 2
291 1
292 2
293 2
294 1
295 2
296 2
297 1
298 1
299 1
300 2
301 1
302 2
303 1
304 1
305 1
306 1
307 1
308 1
309 2
310 1
311 1
312 1
313 2
314 1
315 2
316 2
317 1
318 1
319 1
320 1
321 1
322 1
323 1
324 1
325 1
326 2
327 1
328 1
329 1
330 1
331 1
332 1
333 1
334 1
335 1
336 1
337 2
338 1
339 1
340 1
341 2
342 2
343 1
344 1
345 2
346 2
347 1
348 2
349 1
350 1
351 2
352 2
353 1
354 2
355 1
356 2
357 2
358 1
359 1
360 2
361 1
362 1
363 1
364 2
365 2
366 1
367 2
368 1
369 2
370 1
371 1
372 1
373 2
374 1
375 1
376 1
377 1
378 1
379 2
380 1
381 2
382 1
383 2
384 1
385 2
386 1
387 2
388 2
389 2
390 1
391 1
392 1
393 2
394 2
395 1
396 2
397 1
398 2
399 1
400 2
