// obj: 1469.0
// running_duration: 3600.1315228939056
// gap: 0.02654867256637168
// obj_bound: 1508.0
// time_limit: ('TIME_LIMIT', <class 'float'>, 3600.0, 0.0, inf, inf)
// num_nodes: 500
1 2
2 2
3 1
4 1
5 1
6 2
7 2
8 1
9 2
10 1
11 1
12 2
13 2
14 2
15 1
16 1
17 1
18 1
19 1
20 2
21 1
22 2
23 1
24 2
25 1
26 2
27 2
28 1
29 1
30 2
31 1
32 1
33 1
34 2
35 2
36 2
37 1
38 2
39 2
40 1
41 1
42 2
43 1
44 2
45 2
46 2
47 2
48 1
49 1
50 2
51 1
52 1
53 2
54 2
55 1
56 2
57 1
58 2
59 2
60 2
61 1
62 1
63 1
64 2
65 1
66 1
67 1
68 2
69 2
70 1
71 1
72 1
73 1
74 1
75 1
76 1
77 1
78 1
79 2
80 1
81 2
82 1
83 1
84 1
85 2
86 2
87 2
88 2
89 2
90 1
91 2
92 1
93 2
94 2
95 1
96 1
97 2
98 2
99 1
100 1
101 1
102 1
103 2
104 2
105 2
106 2
107 1
108 1
109 1
110 2
111 1
112 2
113 2
114 2
115 1
116 2
117 2
118 1
119 2
120 1
121 2
122 2
123 2
124 1
125 1
126 1
127 2
128 2
129 2
130 2
131 2
132 2
133 2
134 1
135 2
136 2
137 2
138 2
139 1
140 1
141 2
142 2
143 1
144 2
145 2
146 1
147 1
148 2
149 2
150 1
151 2
152 2
153 2
154 1
155 1
156 1
157 2
158 2
159 2
160 2
161 2
162 1
163 1
164 2
165 2
166 2
167 2
168 2
169 2
170 2
171 2
172 2
173 2
174 1
175 2
176 1
177 1
178 2
179 2
180 2
181 1
182 2
183 2
184 2
185 2
186 1
187 2
188 1
189 1
190 1
191 2
192 2
193 2
194 1
195 1
196 1
197 1
198 2
199 2
200 1
201 1
202 1
203 2
204 1
205 1
206 2
207 2
208 2
209 2
210 1
211 1
212 1
213 1
214 2
215 1
216 2
217 1
218 2
219 1
220 2
221 1
222 1
223 2
224 2
225 1
226 2
227 1
228 1
229 1
230 2
231 2
232 1
233 1
234 1
235 1
236 2
237 1
238 1
239 1
240 1
241 1
242 1
243 2
244 2
245 1
246 1
247 1
248 1
249 1
250 1
251 2
252 1
253 1
254 1
255 2
256 2
257 1
258 1
259 2
260 2
261 2
262 1
263 1
264 1
265 2
266 2
267 2
268 1
269 2
270 2
271 2
272 1
273 1
274 2
275 2
276 1
277 2
278 2
279 1
280 1
281 2
282 1
283 1
284 2
285 2
286 2
287 2
288 1
289 1
290 2
291 1
292 1
293 2
294 2
295 1
296 2
297 1
298 1
299 2
300 2
301 1
302 1
303 2
304 1
305 1
306 1
307 1
308 1
309 1
310 1
311 2
312 2
313 1
314 2
315 2
316 2
317 2
318 1
319 2
320 1
321 2
322 1
323 2
324 1
325 2
326 2
327 2
328 1
329 1
330 2
331 1
332 2
333 1
334 2
335 1
336 2
337 1
338 1
339 1
340 1
341 1
342 1
343 2
344 1
345 2
346 2
347 1
348 2
349 2
350 1
351 2
352 1
353 2
354 1
355 2
356 1
357 2
358 2
359 1
360 1
361 2
362 2
363 1
364 1
365 1
366 2
367 1
368 1
369 2
370 2
371 1
372 1
373 2
374 1
375 2
376 1
377 1
378 1
379 2
380 1
381 1
382 1
383 2
384 2
385 2
386 2
387 1
388 2
389 2
390 1
391 2
392 1
393 2
394 2
395 2
396 2
397 1
398 2
399 1
400 2
401 1
402 2
403 2
404 2
405 2
406 2
407 1
408 1
409 2
410 1
411 1
412 2
413 1
414 2
415 2
416 1
417 2
418 1
419 2
420 1
421 1
422 2
423 1
424 1
425 2
426 2
427 1
428 1
429 1
430 1
431 2
432 2
433 1
434 1
435 2
436 1
437 2
438 1
439 1
440 1
441 2
442 1
443 1
444 2
445 2
446 2
447 1
448 2
449 2
450 1
451 1
452 2
453 1
454 2
455 2
456 2
457 1
458 1
459 1
460 1
461 2
462 2
463 2
464 1
465 2
466 1
467 2
468 2
469 1
470 2
471 2
472 1
473 1
474 2
475 2
476 1
477 2
478 1
479 2
480 2
481 1
482 1
483 2
484 2
485 1
486 2
487 1
488 2
489 1
490 1
491 2
492 1
493 1
494 2
495 1
496 2
497 1
498 2
499 2
500 1
