// obj: 1469.0
// running_duration: 3600.0850970745087
// gap: 0.043567052416609936
// obj_bound: 1533.0
// time_limit: ('TIME_LIMIT', <class 'float'>, 3600.0, 0.0, inf, inf)
// num_nodes: 500
1 1
2 1
3 1
4 2
5 2
6 2
7 1
8 2
9 1
10 1
11 2
12 2
13 1
14 2
15 2
16 1
17 1
18 2
19 1
20 1
21 2
22 2
23 1
24 2
25 2
26 1
27 1
28 1
29 1
30 1
31 2
32 1
33 1
34 2
35 1
36 1
37 2
38 1
39 2
40 1
41 2
42 2
43 1
44 2
45 1
46 2
47 1
48 2
49 1
50 1
51 1
52 1
53 2
54 1
55 1
56 1
57 2
58 2
59 2
60 2
61 2
62 2
63 2
64 2
65 2
66 2
67 1
68 2
69 2
70 1
71 2
72 1
73 1
74 2
75 2
76 1
77 1
78 1
79 2
80 1
81 2
82 2
83 2
84 2
85 1
86 1
87 2
88 1
89 1
90 1
91 1
92 2
93 2
94 2
95 2
96 2
97 2
98 1
99 2
100 2
101 1
102 2
103 1
104 1
105 1
106 1
107 2
108 1
109 1
110 1
111 1
112 1
113 1
114 1
115 2
116 1
117 2
118 1
119 1
120 2
121 1
122 2
123 1
124 1
125 2
126 1
127 2
128 1
129 2
130 1
131 1
132 1
133 2
134 1
135 2
136 2
137 1
138 2
139 2
140 1
141 2
142 2
143 1
144 1
145 2
146 1
147 2
148 2
149 2
150 2
151 1
152 2
153 1
154 1
155 1
156 1
157 1
158 1
159 2
160 2
161 2
162 2
163 1
164 2
165 2
166 1
167 2
168 2
169 1
170 2
171 2
172 2
173 2
174 2
175 1
176 2
177 1
178 1
179 2
180 2
181 1
182 1
183 1
184 1
185 2
186 2
187 1
188 1
189 2
190 1
191 1
192 2
193 1
194 1
195 2
196 1
197 2
198 1
199 1
200 1
201 1
202 1
203 2
204 1
205 1
206 1
207 1
208 2
209 1
210 2
211 2
212 1
213 2
214 2
215 1
216 1
217 2
218 2
219 1
220 2
221 1
222 2
223 2
224 2
225 1
226 2
227 2
228 2
229 1
230 1
231 1
232 2
233 2
234 2
235 1
236 2
237 2
238 1
239 1
240 2
241 2
242 1
243 2
244 1
245 1
246 2
247 2
248 2
249 1
250 1
251 2
252 2
253 2
254 1
255 1
256 2
257 2
258 2
259 1
260 1
261 2
262 2
263 1
264 2
265 1
266 1
267 2
268 2
269 2
270 1
271 2
272 1
273 1
274 2
275 2
276 1
277 2
278 2
279 2
280 2
281 1
282 2
283 2
284 1
285 1
286 1
287 1
288 2
289 1
290 2
291 1
292 1
293 1
294 1
295 2
296 2
297 2
298 1
299 1
300 2
301 1
302 1
303 1
304 1
305 1
306 2
307 2
308 1
309 2
310 1
311 1
312 1
313 2
314 1
315 2
316 2
317 2
318 2
319 2
320 1
321 2
322 2
323 2
324 2
325 1
326 1
327 1
328 1
329 1
330 1
331 2
332 2
333 1
334 2
335 1
336 2
337 1
338 1
339 2
340 1
341 1
342 2
343 2
344 1
345 1
346 1
347 2
348 1
349 2
350 2
351 2
352 2
353 2
354 2
355 1
356 2
357 1
358 2
359 1
360 1
361 2
362 1
363 1
364 2
365 1
366 1
367 2
368 1
369 2
370 2
371 2
372 2
373 2
374 2
375 1
376 2
377 1
378 1
379 1
380 2
381 1
382 2
383 1
384 2
385 1
386 1
387 2
388 2
389 2
390 1
391 2
392 1
393 2
394 1
395 1
396 1
397 2
398 2
399 2
400 1
401 1
402 1
403 1
404 2
405 1
406 1
407 1
408 1
409 2
410 1
411 2
412 1
413 2
414 1
415 2
416 2
417 1
418 2
419 1
420 1
421 2
422 1
423 1
424 2
425 1
426 1
427 2
428 1
429 2
430 2
431 1
432 2
433 1
434 1
435 2
436 2
437 2
438 2
439 2
440 2
441 1
442 2
443 1
444 1
445 2
446 2
447 2
448 1
449 2
450 2
451 1
452 2
453 1
454 1
455 2
456 1
457 2
458 1
459 1
460 2
461 1
462 1
463 1
464 2
465 2
466 2
467 2
468 1
469 2
470 1
471 2
472 1
473 1
474 1
475 2
476 1
477 2
478 2
479 1
480 2
481 1
482 1
483 1
484 1
485 2
486 2
487 2
488 1
489 1
490 1
491 2
492 1
493 2
494 1
495 2
496 1
497 1
498 1
499 2
500 1
