// obj: 1466.0
// running_duration: 3600.0424089431763
// gap: 0.017053206002728513
// obj_bound: 1491.0
// time_limit: ('TIME_LIMIT', <class 'float'>, 3600.0, 0.0, inf, inf)
// num_nodes: 500
1 1
2 2
3 2
4 2
5 1
6 2
7 1
8 1
9 2
10 1
11 2
12 1
13 1
14 2
15 2
16 1
17 1
18 2
19 2
20 2
21 2
22 2
23 1
24 1
25 1
26 1
27 1
28 2
29 2
30 2
31 2
32 2
33 1
34 1
35 1
36 2
37 2
38 1
39 2
40 2
41 2
42 2
43 1
44 1
45 1
46 2
47 1
48 2
49 2
50 2
51 2
52 2
53 2
54 1
55 2
56 2
57 2
58 1
59 2
60 1
61 2
62 1
63 2
64 2
65 2
66 1
67 2
68 1
69 1
70 1
71 1
72 1
73 1
74 1
75 2
76 1
77 2
78 1
79 2
80 1
81 1
82 1
83 1
84 2
85 1
86 1
87 2
88 1
89 2
90 2
91 1
92 1
93 1
94 2
95 2
96 1
97 2
98 1
99 2
100 1
101 2
102 1
103 1
104 2
105 2
106 2
107 1
108 1
109 2
110 1
111 2
112 2
113 2
114 2
115 2
116 2
117 1
118 1
119 1
120 1
121 2
122 1
123 2
124 2
125 1
126 1
127 1
128 2
129 1
130 2
131 1
132 2
133 2
134 1
135 2
136 1
137 1
138 2
139 1
140 2
141 2
142 1
143 2
144 2
145 1
146 1
147 1
148 2
149 1
150 1
151 1
152 1
153 1
154 1
155 2
156 1
157 1
158 2
159 1
160 2
161 1
162 1
163 2
164 1
165 2
166 2
167 1
168 2
169 1
170 1
171 1
172 2
173 1
174 1
175 2
176 2
177 2
178 1
179 2
180 2
181 1
182 1
183 1
184 1
185 1
186 2
187 1
188 2
189 1
190 2
191 1
192 1
193 1
194 1
195 2
196 1
197 2
198 2
199 2
200 1
201 2
202 1
203 1
204 2
205 1
206 2
207 1
208 2
209 2
210 2
211 1
212 2
213 1
214 2
215 1
216 1
217 1
218 2
219 2
220 1
221 1
222 1
223 2
224 2
225 1
226 2
227 1
228 2
229 2
230 2
231 2
232 1
233 1
234 2
235 2
236 2
237 2
238 2
239 1
240 1
241 2
242 1
243 2
244 1
245 1
246 1
247 2
248 1
249 2
250 1
251 1
252 2
253 2
254 1
255 1
256 1
257 2
258 1
259 1
260 2
261 1
262 2
263 2
264 2
265 1
266 2
267 1
268 2
269 2
270 1
271 2
272 1
273 1
274 1
275 1
276 2
277 2
278 2
279 2
280 1
281 1
282 2
283 2
284 2
285 2
286 1
287 1
288 1
289 2
290 2
291 2
292 2
293 1
294 2
295 2
296 2
297 1
298 2
299 2
300 1
301 2
302 1
303 2
304 1
305 2
306 2
307 1
308 1
309 2
310 2
311 1
312 1
313 1
314 1
315 1
316 1
317 1
318 1
319 2
320 1
321 1
322 1
323 1
324 1
325 2
326 1
327 1
328 1
329 2
330 2
331 1
332 2
333 2
334 1
335 2
336 2
337 2
338 2
339 1
340 1
341 2
342 1
343 1
344 1
345 1
346 2
347 1
348 2
349 1
350 1
351 1
352 2
353 1
354 2
355 2
356 1
357 1
358 2
359 1
360 2
361 1
362 1
363 1
364 1
365 2
366 1
367 1
368 2
369 2
370 2
371 1
372 1
373 2
374 2
375 1
376 1
377 2
378 2
379 2
380 1
381 1
382 1
383 1
384 1
385 1
386 1
387 1
388 2
389 1
390 2
391 2
392 1
393 1
394 1
395 2
396 1
397 1
398 2
399 1
400 2
401 2
402 2
403 1
404 2
405 2
406 1
407 1
408 2
409 2
410 2
411 1
412 2
413 1
414 2
415 1
416 1
417 1
418 1
419 2
420 2
421 2
422 1
423 1
424 1
425 1
426 2
427 2
428 1
429 2
430 1
431 1
432 2
433 2
434 1
435 2
436 2
437 1
438 1
439 2
440 1
441 1
442 1
443 2
444 2
445 1
446 2
447 2
448 1
449 2
450 1
451 2
452 1
453 1
454 1
455 1
456 2
457 1
458 2
459 2
460 1
461 2
462 2
463 1
464 2
465 2
466 1
467 2
468 2
469 2
470 1
471 2
472 2
473 1
474 1
475 2
476 2
477 1
478 1
479 1
480 1
481 2
482 1
483 1
484 1
485 2
486 2
487 1
488 1
489 1
490 1
491 2
492 1
493 1
494 1
495 1
496 2
497 2
498 2
499 2
500 2
