// obj: 281.0
// running_duration: 0.4946870803833008
// gap: 0.0
// obj_bound: 281.0
// time_limit: ('TIME_LIMIT', <class 'float'>, 3600.0, 0.0, inf, inf)
// num_nodes: 100
1 1
2 1
3 2
4 2
5 2
6 1
7 2
8 1
9 1
10 2
11 1
12 1
13 1
14 1
15 2
16 2
17 1
18 1
19 1
20 2
21 2
22 1
23 2
24 1
25 2
26 2
27 1
28 2
29 1
30 2
31 1
32 2
33 2
34 1
35 1
36 2
37 2
38 2
39 2
40 1
41 1
42 1
43 1
44 1
45 2
46 2
47 1
48 2
49 2
50 2
51 2
52 1
53 2
54 2
55 2
56 1
57 1
58 2
59 2
60 2
61 1
62 2
63 1
64 2
65 2
66 2
67 2
68 1
69 2
70 2
71 1
72 2
73 2
74 1
75 2
76 2
77 1
78 2
79 1
80 2
81 1
82 2
83 2
84 2
85 2
86 2
87 1
88 1
89 1
90 2
91 1
92 2
93 2
94 1
95 1
96 2
97 2
98 2
99 1
100 2
