// obj: 1170.0
// running_duration: 3600.063838005066
// gap: 0.011111111111111112
// obj_bound: 1183.0
// time_limit: ('TIME_LIMIT', <class 'float'>, 3600.0, 0.0, inf, inf)
// num_nodes: 400
1 1
2 1
3 1
4 1
5 2
6 2
7 2
8 1
9 1
10 2
11 2
12 2
13 1
14 1
15 2
16 2
17 2
18 1
19 2
20 2
21 1
22 2
23 2
24 2
25 2
26 1
27 2
28 1
29 2
30 2
31 1
32 2
33 2
34 1
35 1
36 2
37 2
38 1
39 1
40 2
41 1
42 2
43 2
44 1
45 2
46 1
47 2
48 1
49 2
50 1
51 1
52 2
53 1
54 1
55 2
56 1
57 2
58 1
59 1
60 1
61 2
62 1
63 1
64 2
65 1
66 2
67 2
68 2
69 2
70 2
71 2
72 2
73 2
74 1
75 1
76 1
77 1
78 2
79 2
80 1
81 1
82 1
83 1
84 2
85 2
86 1
87 2
88 1
89 2
90 1
91 1
92 1
93 1
94 1
95 2
96 2
97 1
98 1
99 1
100 1
101 1
102 1
103 1
104 2
105 1
106 2
107 2
108 1
109 1
110 1
111 2
112 2
113 1
114 2
115 1
116 2
117 1
118 1
119 2
120 1
121 1
122 2
123 2
124 1
125 2
126 1
127 2
128 1
129 1
130 2
131 2
132 2
133 1
134 1
135 1
136 2
137 2
138 1
139 1
140 2
141 1
142 1
143 2
144 1
145 2
146 1
147 1
148 1
149 2
150 2
151 1
152 1
153 1
154 1
155 2
156 2
157 1
158 2
159 2
160 2
161 2
162 1
163 2
164 2
165 1
166 2
167 2
168 1
169 2
170 1
171 2
172 1
173 1
174 1
175 2
176 2
177 1
178 2
179 2
180 1
181 2
182 2
183 2
184 1
185 2
186 1
187 1
188 2
189 1
190 1
191 2
192 1
193 2
194 1
195 2
196 2
197 2
198 1
199 1
200 1
201 1
202 1
203 1
204 2
205 2
206 2
207 1
208 2
209 2
210 2
211 2
212 1
213 1
214 1
215 2
216 2
217 2
218 1
219 2
220 1
221 1
222 2
223 2
224 1
225 1
226 2
227 1
228 2
229 2
230 2
231 2
232 2
233 2
234 1
235 1
236 1
237 1
238 1
239 2
240 2
241 2
242 1
243 2
244 2
245 1
246 2
247 1
248 2
249 2
250 2
251 1
252 2
253 1
254 1
255 1
256 1
257 2
258 2
259 2
260 2
261 2
262 2
263 1
264 1
265 2
266 1
267 1
268 1
269 2
270 2
271 2
272 1
273 2
274 2
275 2
276 1
277 1
278 1
279 2
280 1
281 2
282 2
283 1
284 1
285 2
286 2
287 2
288 1
289 2
290 2
291 1
292 2
293 1
294 1
295 2
296 2
297 1
298 2
299 1
300 1
301 1
302 1
303 2
304 1
305 2
306 1
307 2
308 1
309 2
310 2
311 2
312 2
313 1
314 2
315 2
316 2
317 1
318 2
319 2
320 1
321 2
322 1
323 1
324 1
325 2
326 1
327 1
328 1
329 1
330 1
331 1
332 2
333 2
334 2
335 2
336 1
337 1
338 2
339 1
340 2
341 1
342 2
343 2
344 2
345 1
346 1
347 1
348 1
349 1
350 1
351 1
352 2
353 2
354 1
355 2
356 2
357 1
358 2
359 2
360 2
361 1
362 2
363 1
364 2
365 1
366 1
367 1
368 2
369 1
370 2
371 2
372 1
373 1
374 1
375 1
376 2
377 1
378 2
379 1
380 1
381 2
382 1
383 2
384 1
385 2
386 1
387 2
388 1
389 1
390 2
391 2
392 2
393 2
394 1
395 1
396 1
397 2
398 2
399 1
400 1
