// obj: 1469.0
// running_duration: 3600.0886080265045
// gap: 0.04084411164057182
// obj_bound: 1529.0
// time_limit: ('TIME_LIMIT', <class 'float'>, 3600.0, 0.0, inf, inf)
// num_nodes: 500
1 2
2 1
3 1
4 1
5 1
6 2
7 2
8 2
9 1
10 1
11 2
12 1
13 2
14 2
15 1
16 2
17 1
18 1
19 2
20 2
21 2
22 2
23 1
24 2
25 2
26 1
27 1
28 2
29 1
30 1
31 1
32 1
33 1
34 1
35 1
36 1
37 2
38 1
39 1
40 2
41 2
42 1
43 2
44 1
45 1
46 2
47 1
48 1
49 2
50 2
51 1
52 1
53 2
54 2
55 1
56 1
57 2
58 1
59 2
60 1
61 1
62 1
63 2
64 2
65 2
66 2
67 1
68 2
69 2
70 1
71 2
72 2
73 1
74 1
75 2
76 2
77 1
78 1
79 2
80 2
81 2
82 1
83 1
84 2
85 1
86 1
87 1
88 2
89 1
90 2
91 1
92 1
93 2
94 2
95 2
96 1
97 1
98 2
99 2
100 1
101 1
102 1
103 1
104 2
105 1
106 2
107 1
108 2
109 2
110 1
111 1
112 1
113 2
114 2
115 2
116 2
117 1
118 1
119 1
120 2
121 2
122 1
123 1
124 1
125 2
126 2
127 1
128 1
129 2
130 1
131 1
132 1
133 1
134 2
135 1
136 1
137 1
138 1
139 1
140 2
141 2
142 1
143 1
144 1
145 2
146 2
147 1
148 2
149 1
150 2
151 1
152 2
153 2
154 2
155 1
156 2
157 1
158 2
159 1
160 1
161 1
162 2
163 1
164 2
165 2
166 1
167 2
168 2
169 2
170 1
171 2
172 1
173 1
174 2
175 1
176 2
177 1
178 2
179 1
180 2
181 1
182 2
183 1
184 1
185 2
186 1
187 2
188 1
189 2
190 1
191 2
192 2
193 2
194 1
195 1
196 2
197 1
198 2
199 1
200 1
201 1
202 1
203 2
204 1
205 2
206 1
207 2
208 1
209 1
210 2
211 2
212 2
213 2
214 1
215 2
216 1
217 2
218 1
219 1
220 1
221 2
222 1
223 2
224 1
225 1
226 1
227 1
228 2
229 1
230 2
231 2
232 1
233 1
234 2
235 1
236 2
237 2
238 1
239 1
240 1
241 2
242 2
243 1
244 2
245 1
246 1
247 1
248 2
249 1
250 2
251 2
252 1
253 1
254 1
255 1
256 1
257 1
258 1
259 1
260 2
261 1
262 1
263 1
264 2
265 2
266 2
267 2
268 1
269 2
270 2
271 2
272 2
273 2
274 2
275 1
276 2
277 2
278 2
279 2
280 1
281 1
282 2
283 2
284 2
285 2
286 2
287 1
288 2
289 1
290 2
291 1
292 1
293 2
294 1
295 1
296 2
297 1
298 1
299 1
300 1
301 2
302 1
303 2
304 1
305 2
306 2
307 1
308 1
309 2
310 1
311 1
312 2
313 2
314 2
315 2
316 2
317 1
318 1
319 2
320 2
321 2
322 2
323 1
324 1
325 2
326 2
327 2
328 1
329 2
330 2
331 1
332 2
333 1
334 2
335 1
336 1
337 2
338 2
339 1
340 1
341 2
342 2
343 1
344 1
345 2
346 2
347 2
348 1
349 2
350 2
351 1
352 1
353 1
354 1
355 1
356 2
357 1
358 2
359 2
360 1
361 2
362 1
363 1
364 1
365 1
366 2
367 2
368 2
369 1
370 1
371 1
372 2
373 2
374 2
375 2
376 1
377 1
378 2
379 1
380 1
381 2
382 1
383 2
384 2
385 1
386 2
387 2
388 2
389 2
390 2
391 1
392 1
393 1
394 2
395 1
396 2
397 2
398 2
399 1
400 1
401 1
402 2
403 2
404 2
405 1
406 2
407 1
408 2
409 1
410 1
411 2
412 2
413 2
414 2
415 1
416 2
417 1
418 2
419 1
420 1
421 2
422 2
423 2
424 1
425 2
426 1
427 2
428 1
429 2
430 1
431 1
432 2
433 2
434 1
435 1
436 1
437 1
438 2
439 1
440 2
441 2
442 1
443 2
444 1
445 2
446 1
447 1
448 2
449 2
450 1
451 1
452 2
453 2
454 2
455 2
456 2
457 1
458 1
459 2
460 1
461 1
462 2
463 1
464 2
465 1
466 2
467 2
468 2
469 2
470 1
471 2
472 1
473 1
474 2
475 1
476 1
477 1
478 2
479 2
480 1
481 2
482 1
483 1
484 2
485 2
486 1
487 1
488 1
489 1
490 2
491 1
492 2
493 1
494 1
495 1
496 1
497 1
498 1
499 1
500 2
