// obj: 872.0
// running_duration: 1435.1083898544312
// gap: 0.0
// obj_bound: 872.0
// time_limit: ('TIME_LIMIT', <class 'float'>, 3600.0, 0.0, inf, inf)
// num_nodes: 300
1 2
2 2
3 2
4 1
5 1
6 1
7 1
8 1
9 1
10 1
11 1
12 2
13 2
14 2
15 2
16 2
17 2
18 2
19 2
20 2
21 2
22 1
23 2
24 2
25 2
26 2
27 1
28 1
29 2
30 1
31 2
32 1
33 2
34 1
35 2
36 1
37 1
38 1
39 2
40 2
41 2
42 2
43 1
44 2
45 1
46 1
47 2
48 2
49 2
50 2
51 1
52 2
53 1
54 2
55 1
56 1
57 2
58 1
59 1
60 1
61 1
62 1
63 1
64 2
65 2
66 1
67 2
68 2
69 1
70 2
71 1
72 2
73 2
74 1
75 1
76 2
77 2
78 2
79 1
80 1
81 2
82 2
83 2
84 1
85 1
86 2
87 1
88 2
89 1
90 1
91 1
92 2
93 2
94 1
95 2
96 1
97 1
98 2
99 2
100 2
101 2
102 2
103 1
104 2
105 2
106 1
107 1
108 1
109 2
110 2
111 1
112 1
113 1
114 2
115 2
116 1
117 1
118 1
119 1
120 1
121 1
122 2
123 2
124 2
125 2
126 2
127 1
128 2
129 1
130 1
131 1
132 2
133 2
134 2
135 2
136 1
137 1
138 2
139 1
140 1
141 1
142 1
143 2
144 1
145 2
146 2
147 1
148 2
149 1
150 2
151 1
152 2
153 1
154 1
155 1
156 2
157 1
158 1
159 1
160 2
161 2
162 2
163 1
164 2
165 2
166 1
167 1
168 1
169 2
170 1
171 1
172 2
173 2
174 1
175 1
176 2
177 1
178 1
179 1
180 2
181 1
182 1
183 2
184 2
185 2
186 2
187 1
188 1
189 2
190 1
191 2
192 2
193 1
194 2
195 1
196 2
197 2
198 1
199 2
200 2
201 1
202 1
203 2
204 2
205 2
206 1
207 1
208 1
209 1
210 1
211 1
212 2
213 2
214 2
215 2
216 2
217 1
218 1
219 2
220 1
221 2
222 1
223 1
224 2
225 2
226 1
227 1
228 2
229 2
230 1
231 1
232 2
233 1
234 2
235 2
236 1
237 1
238 2
239 1
240 1
241 1
242 2
243 2
244 2
245 1
246 1
247 1
248 1
249 2
250 2
251 2
252 2
253 1
254 1
255 2
256 1
257 1
258 1
259 2
260 2
261 1
262 1
263 2
264 2
265 1
266 2
267 1
268 2
269 2
270 1
271 2
272 1
273 1
274 2
275 2
276 1
277 2
278 2
279 2
280 1
281 1
282 2
283 1
284 2
285 1
286 2
287 1
288 2
289 2
290 1
291 1
292 1
293 2
294 2
295 1
296 1
297 2
298 2
299 1
300 2
