// obj: 1469.0
// running_duration: 3600.0339810848236
// gap: 0.02042205582028591
// obj_bound: 1499.0
// time_limit: ('TIME_LIMIT', <class 'float'>, 3600.0, 0.0, inf, inf)
// num_nodes: 500
1 1
2 2
3 2
4 1
5 1
6 2
7 1
8 2
9 2
10 1
11 2
12 1
13 2
14 2
15 2
16 1
17 2
18 2
19 1
20 1
21 2
22 2
23 2
24 2
25 2
26 1
27 2
28 1
29 1
30 1
31 2
32 2
33 2
34 1
35 2
36 1
37 1
38 1
39 1
40 1
41 2
42 2
43 1
44 2
45 1
46 1
47 1
48 1
49 1
50 1
51 2
52 1
53 2
54 1
55 1
56 1
57 1
58 1
59 1
60 2
61 2
62 2
63 2
64 2
65 2
66 2
67 1
68 2
69 2
70 2
71 2
72 2
73 1
74 2
75 1
76 2
77 1
78 1
79 1
80 1
81 1
82 2
83 2
84 1
85 1
86 1
87 1
88 1
89 2
90 1
91 2
92 2
93 2
94 1
95 2
96 2
97 2
98 1
99 1
100 1
101 2
102 2
103 2
104 1
105 1
106 2
107 2
108 2
109 1
110 1
111 1
112 1
113 2
114 2
115 1
116 1
117 1
118 2
119 1
120 2
121 1
122 1
123 2
124 2
125 1
126 1
127 2
128 1
129 2
130 2
131 2
132 2
133 1
134 2
135 2
136 1
137 2
138 2
139 2
140 1
141 2
142 2
143 2
144 1
145 1
146 2
147 2
148 2
149 1
150 1
151 1
152 1
153 1
154 2
155 1
156 1
157 2
158 2
159 2
160 2
161 2
162 1
163 2
164 1
165 1
166 1
167 2
168 1
169 2
170 1
171 2
172 1
173 1
174 2
175 2
176 1
177 2
178 2
179 1
180 1
181 2
182 2
183 1
184 1
185 1
186 1
187 2
188 1
189 1
190 2
191 1
192 1
193 2
194 2
195 1
196 1
197 2
198 1
199 1
200 2
201 1
202 2
203 2
204 1
205 1
206 2
207 2
208 1
209 1
210 1
211 1
212 2
213 2
214 2
215 2
216 2
217 1
218 1
219 1
220 2
221 1
222 1
223 1
224 1
225 1
226 1
227 2
228 1
229 1
230 1
231 2
232 2
233 1
234 1
235 2
236 2
237 1
238 2
239 1
240 1
241 2
242 1
243 1
244 2
245 1
246 2
247 1
248 2
249 1
250 2
251 2
252 2
253 2
254 1
255 2
256 2
257 1
258 1
259 1
260 1
261 2
262 2
263 1
264 2
265 1
266 2
267 1
268 2
269 2
270 2
271 1
272 1
273 1
274 2
275 2
276 1
277 2
278 1
279 2
280 2
281 1
282 2
283 1
284 1
285 2
286 2
287 2
288 1
289 2
290 2
291 1
292 2
293 1
294 1
295 1
296 2
297 2
298 2
299 1
300 1
301 2
302 2
303 2
304 2
305 1
306 1
307 1
308 1
309 2
310 2
311 1
312 2
313 2
314 1
315 1
316 2
317 1
318 2
319 1
320 2
321 2
322 1
323 1
324 2
325 1
326 2
327 1
328 2
329 2
330 1
331 1
332 2
333 2
334 1
335 1
336 2
337 1
338 1
339 2
340 1
341 1
342 1
343 2
344 2
345 1
346 1
347 2
348 2
349 2
350 1
351 2
352 2
353 2
354 1
355 2
356 1
357 1
358 2
359 2
360 2
361 1
362 2
363 2
364 1
365 1
366 1
367 1
368 2
369 1
370 2
371 1
372 1
373 2
374 1
375 2
376 2
377 1
378 2
379 1
380 2
381 2
382 2
383 1
384 1
385 2
386 1
387 1
388 1
389 2
390 2
391 1
392 2
393 1
394 2
395 1
396 1
397 1
398 2
399 1
400 1
401 2
402 1
403 1
404 2
405 2
406 1
407 1
408 2
409 1
410 1
411 1
412 2
413 1
414 2
415 1
416 2
417 2
418 2
419 1
420 2
421 1
422 1
423 1
424 2
425 1
426 1
427 2
428 1
429 2
430 1
431 1
432 2
433 1
434 1
435 1
436 2
437 1
438 1
439 1
440 1
441 1
442 2
443 2
444 1
445 2
446 2
447 2
448 1
449 2
450 2
451 1
452 1
453 2
454 1
455 2
456 2
457 2
458 1
459 2
460 1
461 2
462 1
463 1
464 1
465 2
466 1
467 1
468 1
469 1
470 2
471 1
472 2
473 2
474 1
475 1
476 1
477 2
478 1
479 1
480 2
481 1
482 1
483 2
484 2
485 2
486 1
487 2
488 1
489 1
490 1
491 1
492 2
493 1
494 2
495 1
496 1
497 1
498 2
499 1
500 1
