// obj: 580.0
// running_duration: 29.039237022399902
// gap: 0.0
// obj_bound: 580.0
// time_limit: ('TIME_LIMIT', <class 'float'>, 3600.0, 0.0, inf, inf)
// num_nodes: 200
1 1
2 1
3 2
4 1
5 1
6 1
7 2
8 1
9 1
10 1
11 1
12 1
13 1
14 2
15 2
16 1
17 2
18 1
19 1
20 2
21 2
22 2
23 2
24 2
25 2
26 2
27 2
28 2
29 1
30 2
31 1
32 1
33 1
34 1
35 2
36 2
37 2
38 1
39 2
40 2
41 2
42 2
43 1
44 1
45 2
46 2
47 2
48 1
49 2
50 1
51 2
52 2
53 2
54 2
55 1
56 2
57 1
58 2
59 2
60 2
61 1
62 2
63 2
64 2
65 2
66 2
67 2
68 2
69 1
70 1
71 2
72 2
73 1
74 2
75 2
76 1
77 2
78 2
79 1
80 1
81 1
82 1
83 2
84 2
85 2
86 1
87 2
88 1
89 2
90 2
91 2
92 2
93 2
94 1
95 1
96 2
97 2
98 1
99 1
100 2
101 2
102 2
103 2
104 1
105 2
106 1
107 2
108 2
109 2
110 1
111 2
112 2
113 2
114 2
115 2
116 1
117 2
118 1
119 2
120 1
121 2
122 1
123 2
124 1
125 1
126 2
127 2
128 1
129 1
130 2
131 2
132 1
133 1
134 1
135 2
136 1
137 1
138 2
139 2
140 2
141 1
142 2
143 1
144 1
145 2
146 1
147 2
148 1
149 1
150 1
151 1
152 2
153 2
154 2
155 1
156 2
157 1
158 2
159 2
160 1
161 2
162 1
163 1
164 2
165 1
166 1
167 1
168 1
169 2
170 2
171 1
172 1
173 2
174 2
175 2
176 2
177 2
178 2
179 1
180 2
181 2
182 2
183 1
184 1
185 1
186 1
187 2
188 2
189 1
190 1
191 2
192 2
193 1
194 2
195 1
196 1
197 1
198 1
199 1
200 1
