// obj: 1181.0
// running_duration: 1941.818500995636
// gap: 0.0
// obj_bound: 1181.0
// time_limit: ('TIME_LIMIT', <class 'float'>, 3600.0, 0.0, inf, inf)
// num_nodes: 400
1 2
2 2
3 1
4 1
5 1
6 2
7 2
8 2
9 1
10 2
11 1
12 2
13 1
14 2
15 2
16 2
17 2
18 2
19 1
20 1
21 1
22 2
23 1
24 2
25 2
26 1
27 2
28 1
29 2
30 1
31 1
32 1
33 2
34 1
35 1
36 2
37 1
38 2
39 2
40 2
41 1
42 2
43 2
44 1
45 1
46 1
47 1
48 1
49 2
50 1
51 2
52 2
53 1
54 2
55 2
56 2
57 1
58 2
59 1
60 1
61 1
62 1
63 1
64 2
65 2
66 2
67 1
68 1
69 1
70 1
71 1
72 2
73 1
74 1
75 1
76 1
77 2
78 2
79 2
80 1
81 2
82 2
83 2
84 2
85 2
86 2
87 1
88 2
89 2
90 2
91 2
92 2
93 2
94 2
95 1
96 2
97 1
98 2
99 1
100 1
101 1
102 2
103 1
104 1
105 2
106 1
107 1
108 2
109 2
110 2
111 1
112 2
113 1
114 2
115 1
116 1
117 2
118 1
119 2
120 1
121 2
122 1
123 1
124 2
125 1
126 2
127 1
128 2
129 1
130 1
131 2
132 2
133 2
134 1
135 2
136 2
137 2
138 2
139 1
140 1
141 2
142 1
143 2
144 1
145 1
146 1
147 2
148 1
149 1
150 2
151 1
152 1
153 1
154 2
155 2
156 2
157 1
158 1
159 1
160 2
161 2
162 2
163 1
164 2
165 1
166 1
167 2
168 2
169 2
170 1
171 1
172 2
173 1
174 2
175 2
176 2
177 1
178 1
179 2
180 1
181 2
182 1
183 2
184 2
185 2
186 2
187 1
188 2
189 1
190 1
191 2
192 2
193 1
194 2
195 1
196 2
197 2
198 2
199 1
200 2
201 1
202 1
203 2
204 2
205 2
206 1
207 1
208 2
209 2
210 2
211 1
212 1
213 1
214 1
215 1
216 2
217 1
218 1
219 1
220 1
221 2
222 2
223 1
224 1
225 2
226 2
227 2
228 2
229 1
230 1
231 1
232 1
233 2
234 1
235 1
236 1
237 2
238 1
239 2
240 1
241 2
242 1
243 2
244 2
245 2
246 2
247 1
248 2
249 1
250 1
251 1
252 2
253 2
254 1
255 2
256 2
257 2
258 2
259 2
260 1
261 1
262 1
263 1
264 1
265 1
266 2
267 1
268 1
269 2
270 2
271 1
272 1
273 2
274 2
275 1
276 1
277 1
278 1
279 1
280 1
281 1
282 1
283 1
284 1
285 2
286 2
287 2
288 1
289 2
290 1
291 1
292 1
293 1
294 2
295 2
296 2
297 1
298 1
299 1
300 1
301 2
302 1
303 1
304 1
305 1
306 1
307 1
308 2
309 2
310 2
311 1
312 2
313 1
314 1
315 2
316 1
317 2
318 1
319 1
320 2
321 2
322 1
323 1
324 2
325 2
326 1
327 2
328 2
329 1
330 1
331 2
332 1
333 1
334 2
335 1
336 1
337 2
338 1
339 2
340 2
341 2
342 1
343 1
344 2
345 2
346 2
347 1
348 1
349 2
350 1
351 2
352 2
353 2
354 1
355 1
356 2
357 2
358 2
359 1
360 2
361 2
362 1
363 2
364 1
365 2
366 1
367 2
368 1
369 1
370 2
371 2
372 2
373 1
374 1
375 2
376 2
377 1
378 1
379 2
380 1
381 1
382 1
383 2
384 1
385 1
386 1
387 1
388 2
389 1
390 1
391 1
392 2
393 1
394 1
395 1
396 1
397 1
398 1
399 1
400 2
