// obj: 1481.0
// running_duration: 3600.111564874649
// gap: 0.02025658338960162
// obj_bound: 1511.0
// time_limit: ('TIME_LIMIT', <class 'float'>, 3600.0, 0.0, inf, inf)
// num_nodes: 500
1 1
2 2
3 1
4 2
5 1
6 2
7 2
8 2
9 1
10 2
11 1
12 2
13 2
14 2
15 1
16 2
17 1
18 1
19 2
20 1
21 1
22 1
23 2
24 1
25 1
26 2
27 2
28 2
29 2
30 2
31 1
32 2
33 1
34 1
35 2
36 1
37 2
38 1
39 2
40 1
41 1
42 1
43 2
44 1
45 2
46 1
47 1
48 2
49 2
50 1
51 1
52 2
53 1
54 2
55 2
56 1
57 2
58 2
59 1
60 2
61 1
62 2
63 1
64 1
65 1
66 2
67 1
68 1
69 1
70 1
71 1
72 1
73 1
74 2
75 1
76 1
77 1
78 1
79 2
80 1
81 1
82 1
83 1
84 1
85 1
86 1
87 2
88 2
89 2
90 1
91 1
92 1
93 1
94 2
95 2
96 1
97 2
98 1
99 2
100 1
101 1
102 2
103 2
104 2
105 2
106 2
107 2
108 1
109 1
110 2
111 1
112 1
113 2
114 2
115 1
116 1
117 1
118 2
119 2
120 2
121 1
122 1
123 1
124 2
125 2
126 1
127 2
128 1
129 2
130 2
131 1
132 2
133 2
134 1
135 2
136 1
137 2
138 2
139 1
140 2
141 1
142 1
143 1
144 2
145 1
146 1
147 1
148 2
149 1
150 2
151 1
152 1
153 2
154 1
155 1
156 2
157 2
158 2
159 1
160 2
161 1
162 2
163 2
164 2
165 1
166 1
167 2
168 2
169 2
170 2
171 1
172 2
173 1
174 1
175 1
176 1
177 1
178 2
179 2
180 1
181 1
182 1
183 1
184 2
185 2
186 1
187 2
188 2
189 2
190 1
191 2
192 2
193 1
194 2
195 2
196 1
197 1
198 2
199 2
200 2
201 1
202 1
203 1
204 2
205 1
206 2
207 1
208 1
209 1
210 2
211 1
212 2
213 1
214 1
215 1
216 1
217 2
218 2
219 2
220 2
221 1
222 2
223 1
224 1
225 2
226 1
227 2
228 2
229 1
230 2
231 1
232 1
233 1
234 1
235 2
236 2
237 1
238 2
239 1
240 2
241 2
242 1
243 2
244 2
245 1
246 2
247 2
248 2
249 1
250 1
251 2
252 1
253 2
254 1
255 2
256 2
257 2
258 2
259 2
260 1
261 2
262 1
263 2
264 1
265 1
266 1
267 1
268 2
269 2
270 1
271 1
272 1
273 1
274 2
275 2
276 2
277 2
278 1
279 1
280 1
281 1
282 2
283 2
284 1
285 2
286 2
287 1
288 1
289 1
290 2
291 1
292 1
293 1
294 2
295 2
296 1
297 1
298 2
299 1
300 1
301 1
302 1
303 2
304 2
305 1
306 2
307 2
308 2
309 2
310 1
311 1
312 2
313 1
314 2
315 2
316 2
317 1
318 2
319 1
320 2
321 1
322 1
323 2
324 1
325 1
326 1
327 2
328 2
329 1
330 1
331 1
332 1
333 1
334 2
335 2
336 1
337 2
338 2
339 2
340 1
341 2
342 2
343 2
344 1
345 2
346 1
347 1
348 1
349 1
350 1
351 1
352 1
353 2
354 1
355 1
356 2
357 2
358 1
359 2
360 2
361 1
362 1
363 2
364 2
365 1
366 1
367 2
368 1
369 2
370 2
371 2
372 1
373 1
374 2
375 1
376 1
377 1
378 1
379 1
380 1
381 2
382 1
383 1
384 1
385 1
386 2
387 1
388 2
389 1
390 1
391 2
392 2
393 2
394 2
395 2
396 2
397 2
398 1
399 1
400 2
401 1
402 1
403 2
404 1
405 1
406 1
407 1
408 1
409 1
410 2
411 2
412 1
413 2
414 1
415 1
416 1
417 2
418 2
419 1
420 2
421 1
422 1
423 1
424 2
425 1
426 1
427 1
428 2
429 1
430 2
431 2
432 1
433 1
434 2
435 1
436 2
437 2
438 2
439 1
440 1
441 1
442 2
443 2
444 2
445 2
446 2
447 2
448 1
449 2
450 2
451 1
452 1
453 2
454 1
455 1
456 2
457 2
458 1
459 2
460 1
461 2
462 1
463 2
464 1
465 2
466 1
467 2
468 1
469 1
470 1
471 2
472 1
473 1
474 1
475 1
476 2
477 1
478 2
479 1
480 1
481 2
482 1
483 1
484 1
485 2
486 2
487 1
488 1
489 1
490 2
491 1
492 1
493 2
494 2
495 1
496 1
497 1
498 2
499 2
500 1
