// obj: 280.0
// running_duration: 0.7160670757293701
// gap: 0.0
// obj_bound: 280.0
// time_limit: ('TIME_LIMIT', <class 'float'>, 3600.0, 0.0, inf, inf)
// num_nodes: 100
1 2
2 2
3 1
4 1
5 1
6 2
7 1
8 2
9 2
10 1
11 2
12 2
13 1
14 2
15 1
16 1
17 2
18 2
19 1
20 2
21 1
22 2
23 1
24 1
25 1
26 2
27 2
28 1
29 1
30 1
31 1
32 2
33 1
34 2
35 1
36 1
37 2
38 2
39 1
40 1
41 1
42 2
43 1
44 2
45 2
46 2
47 1
48 2
49 1
50 2
51 1
52 1
53 2
54 1
55 2
56 2
57 1
58 2
59 2
60 1
61 2
62 2
63 1
64 2
65 2
66 2
67 1
68 1
69 2
70 1
71 2
72 1
73 2
74 1
75 1
76 2
77 1
78 1
79 1
80 1
81 2
82 2
83 2
84 1
85 1
86 2
87 2
88 2
89 2
90 2
91 1
92 2
93 1
94 1
95 2
96 2
97 1
98 2
99 2
100 1
