// obj: 1471.0
// running_duration: 3600.117728948593
// gap: 0.020394289598912305
// obj_bound: 1501.0
// time_limit: ('TIME_LIMIT', <class 'float'>, 3600.0, 0.0, inf, inf)
// num_nodes: 500
1 2
2 1
3 2
4 2
5 1
6 1
7 2
8 2
9 1
10 1
11 1
12 1
13 2
14 1
15 1
16 2
17 2
18 1
19 1
20 2
21 1
22 2
23 1
24 2
25 1
26 2
27 2
28 2
29 1
30 1
31 2
32 2
33 1
34 2
35 1
36 1
37 1
38 2
39 1
40 1
41 2
42 2
43 2
44 2
45 1
46 2
47 2
48 1
49 2
50 1
51 2
52 1
53 1
54 2
55 2
56 2
57 2
58 2
59 2
60 2
61 1
62 2
63 2
64 2
65 2
66 1
67 1
68 1
69 2
70 2
71 2
72 1
73 2
74 2
75 2
76 2
77 2
78 1
79 2
80 2
81 2
82 1
83 2
84 1
85 2
86 1
87 2
88 1
89 1
90 2
91 2
92 1
93 1
94 1
95 1
96 1
97 1
98 2
99 2
100 2
101 2
102 1
103 2
104 1
105 1
106 1
107 1
108 2
109 1
110 2
111 2
112 1
113 2
114 1
115 1
116 1
117 1
118 1
119 1
120 2
121 1
122 1
123 2
124 2
125 1
126 2
127 1
128 2
129 1
130 2
131 2
132 1
133 1
134 1
135 2
136 2
137 1
138 2
139 1
140 1
141 1
142 1
143 1
144 1
145 1
146 2
147 1
148 1
149 1
150 2
151 2
152 2
153 2
154 1
155 1
156 2
157 2
158 2
159 1
160 2
161 2
162 2
163 1
164 2
165 2
166 2
167 1
168 2
169 1
170 1
171 1
172 1
173 2
174 1
175 2
176 1
177 1
178 1
179 1
180 2
181 1
182 1
183 2
184 2
185 2
186 1
187 2
188 1
189 2
190 2
191 2
192 1
193 1
194 2
195 1
196 1
197 2
198 1
199 2
200 2
201 2
202 2
203 2
204 2
205 1
206 2
207 2
208 1
209 1
210 2
211 2
212 2
213 2
214 2
215 2
216 1
217 2
218 2
219 2
220 1
221 2
222 1
223 2
224 2
225 2
226 1
227 1
228 1
229 2
230 1
231 2
232 1
233 2
234 1
235 1
236 2
237 2
238 2
239 2
240 1
241 2
242 2
243 2
244 2
245 2
246 1
247 1
248 1
249 1
250 1
251 1
252 2
253 1
254 1
255 2
256 1
257 2
258 2
259 1
260 1
261 1
262 2
263 2
264 1
265 2
266 1
267 2
268 1
269 2
270 1
271 2
272 2
273 2
274 1
275 2
276 1
277 1
278 2
279 1
280 2
281 1
282 2
283 1
284 1
285 1
286 1
287 1
288 1
289 2
290 1
291 1
292 2
293 1
294 1
295 1
296 1
297 1
298 1
299 2
300 1
301 2
302 2
303 1
304 1
305 2
306 1
307 2
308 1
309 2
310 2
311 1
312 1
313 1
314 2
315 1
316 2
317 1
318 1
319 2
320 2
321 2
322 2
323 1
324 2
325 1
326 2
327 2
328 2
329 1
330 2
331 2
332 1
333 2
334 2
335 1
336 2
337 1
338 2
339 1
340 1
341 2
342 1
343 1
344 2
345 1
346 1
347 1
348 1
349 1
350 1
351 2
352 2
353 2
354 1
355 1
356 2
357 1
358 1
359 2
360 1
361 2
362 1
363 1
364 1
365 1
366 1
367 1
368 2
369 2
370 1
371 1
372 1
373 1
374 2
375 2
376 1
377 2
378 1
379 1
380 1
381 1
382 2
383 2
384 1
385 2
386 1
387 2
388 1
389 2
390 1
391 2
392 2
393 1
394 1
395 2
396 2
397 1
398 1
399 2
400 1
401 1
402 1
403 1
404 2
405 1
406 2
407 1
408 1
409 1
410 1
411 1
412 1
413 2
414 1
415 2
416 1
417 2
418 2
419 1
420 2
421 2
422 2
423 2
424 1
425 1
426 1
427 2
428 2
429 1
430 2
431 2
432 2
433 2
434 2
435 1
436 1
437 2
438 2
439 2
440 2
441 1
442 1
443 2
444 1
445 2
446 1
447 1
448 1
449 1
450 1
451 2
452 1
453 1
454 1
455 2
456 1
457 1
458 2
459 2
460 2
461 1
462 2
463 2
464 1
465 2
466 1
467 1
468 2
469 1
470 2
471 1
472 1
473 1
474 1
475 2
476 1
477 2
478 1
479 1
480 2
481 1
482 2
483 2
484 2
485 2
486 1
487 2
488 1
489 1
490 2
491 2
492 1
493 2
494 1
495 1
496 1
497 2
498 2
499 1
500 1
