// obj: 582.0
// running_duration: 35.552541971206665
// gap: 0.0
// obj_bound: 582.0
// time_limit: ('TIME_LIMIT', <class 'float'>, 3600.0, 0.0, inf, inf)
// num_nodes: 200
1 2
2 1
3 1
4 1
5 2
6 2
7 2
8 2
9 1
10 1
11 2
12 2
13 1
14 1
15 2
16 1
17 1
18 2
19 1
20 2
21 2
22 1
23 1
24 1
25 1
26 2
27 2
28 1
29 1
30 1
31 2
32 1
33 2
34 1
35 2
36 1
37 1
38 2
39 2
40 2
41 1
42 1
43 2
44 1
45 1
46 2
47 2
48 2
49 1
50 2
51 2
52 1
53 2
54 1
55 2
56 2
57 2
58 1
59 2
60 2
61 2
62 1
63 1
64 2
65 1
66 2
67 2
68 2
69 1
70 2
71 1
72 1
73 1
74 1
75 1
76 1
77 1
78 1
79 1
80 2
81 1
82 1
83 2
84 2
85 1
86 1
87 2
88 1
89 2
90 2
91 2
92 2
93 2
94 1
95 1
96 2
97 1
98 1
99 2
100 2
101 2
102 2
103 2
104 2
105 1
106 2
107 1
108 1
109 1
110 1
111 2
112 2
113 1
114 2
115 2
116 1
117 1
118 2
119 1
120 2
121 1
122 2
123 1
124 2
125 1
126 2
127 2
128 1
129 1
130 2
131 1
132 1
133 2
134 1
135 1
136 2
137 2
138 1
139 2
140 1
141 2
142 1
143 2
144 2
145 2
146 2
147 1
148 2
149 1
150 2
151 1
152 2
153 1
154 2
155 2
156 2
157 2
158 2
159 1
160 2
161 2
162 1
163 1
164 1
165 2
166 2
167 1
168 1
169 1
170 1
171 1
172 2
173 1
174 1
175 2
176 2
177 1
178 1
179 2
180 1
181 1
182 1
183 1
184 1
185 1
186 1
187 1
188 1
189 1
190 2
191 1
192 1
193 2
194 1
195 1
196 2
197 2
198 1
199 2
200 1
