// obj: 580.0
// running_duration: 25.779566049575806
// gap: 0.0
// obj_bound: 580.0
// time_limit: ('TIME_LIMIT', <class 'float'>, 3600.0, 0.0, inf, inf)
// num_nodes: 200
1 1
2 2
3 1
4 1
5 1
6 1
7 2
8 1
9 2
10 1
11 2
12 2
13 2
14 1
15 2
16 2
17 2
18 1
19 1
20 2
21 1
22 2
23 2
24 1
25 2
26 2
27 1
28 2
29 1
30 2
31 1
32 2
33 2
34 2
35 1
36 2
37 1
38 2
39 1
40 2
41 1
42 1
43 2
44 2
45 1
46 2
47 1
48 2
49 1
50 1
51 1
52 2
53 1
54 1
55 1
56 1
57 1
58 2
59 2
60 2
61 2
62 1
63 1
64 1
65 1
66 2
67 2
68 2
69 2
70 2
71 1
72 2
73 1
74 2
75 1
76 1
77 1
78 1
79 2
80 2
81 2
82 2
83 2
84 2
85 2
86 1
87 1
88 2
89 2
90 1
91 2
92 2
93 2
94 1
95 2
96 2
97 2
98 2
99 2
100 2
101 2
102 2
103 2
104 2
105 1
106 1
107 1
108 1
109 1
110 2
111 1
112 1
113 2
114 2
115 1
116 1
117 1
118 1
119 2
120 1
121 1
122 1
123 2
124 2
125 1
126 1
127 1
128 1
129 2
130 2
131 2
132 1
133 1
134 1
135 1
136 1
137 2
138 1
139 2
140 1
141 1
142 1
143 2
144 2
145 1
146 2
147 2
148 2
149 1
150 2
151 1
152 2
153 2
154 1
155 2
156 1
157 2
158 2
159 2
160 1
161 2
162 2
163 1
164 2
165 2
166 2
167 1
168 1
169 2
170 1
171 1
172 1
173 2
174 1
175 1
176 2
177 1
178 2
179 1
180 1
181 1
182 2
183 1
184 1
185 2
186 1
187 1
188 2
189 1
190 2
191 1
192 2
193 2
194 1
195 2
196 2
197 1
198 1
199 1
200 1
