// obj: 1174.0
// running_duration: 2042.1093559265137
// gap: 0.0
// obj_bound: 1174.0
// time_limit: ('TIME_LIMIT', <class 'float'>, 3600.0, 0.0, inf, inf)
// num_nodes: 400
1 1
2 2
3 2
4 2
5 1
6 1
7 2
8 2
9 2
10 1
11 1
12 2
13 2
14 1
15 2
16 1
17 1
18 2
19 2
20 2
21 2
22 2
23 2
24 1
25 2
26 1
27 2
28 1
29 1
30 2
31 1
32 1
33 2
34 2
35 1
36 1
37 2
38 1
39 1
40 2
41 1
42 2
43 1
44 1
45 2
46 1
47 1
48 1
49 1
50 2
51 1
52 2
53 1
54 1
55 2
56 1
57 2
58 1
59 1
60 1
61 1
62 1
63 1
64 1
65 1
66 1
67 2
68 1
69 2
70 2
71 2
72 2
73 2
74 2
75 2
76 2
77 1
78 1
79 1
80 2
81 2
82 1
83 2
84 1
85 1
86 2
87 1
88 2
89 1
90 1
91 1
92 2
93 1
94 1
95 1
96 2
97 2
98 1
99 1
100 1
101 2
102 1
103 2
104 1
105 1
106 1
107 1
108 2
109 2
110 2
111 2
112 1
113 1
114 2
115 1
116 2
117 2
118 2
119 2
120 1
121 2
122 1
123 2
124 1
125 1
126 1
127 2
128 1
129 1
130 1
131 1
132 1
133 1
134 1
135 2
136 1
137 2
138 1
139 2
140 1
141 1
142 2
143 1
144 1
145 2
146 2
147 1
148 1
149 1
150 1
151 1
152 1
153 2
154 2
155 2
156 1
157 2
158 1
159 1
160 2
161 2
162 1
163 1
164 1
165 2
166 1
167 1
168 2
169 1
170 2
171 1
172 2
173 2
174 2
175 1
176 2
177 1
178 2
179 2
180 2
181 1
182 1
183 2
184 1
185 2
186 2
187 1
188 1
189 1
190 1
191 1
192 2
193 2
194 1
195 2
196 2
197 1
198 2
199 2
200 2
201 1
202 2
203 2
204 1
205 2
206 1
207 1
208 2
209 2
210 2
211 1
212 2
213 2
214 1
215 1
216 1
217 2
218 2
219 2
220 2
221 2
222 1
223 1
224 2
225 1
226 2
227 2
228 1
229 2
230 2
231 2
232 2
233 2
234 1
235 2
236 1
237 2
238 2
239 2
240 1
241 1
242 1
243 2
244 2
245 2
246 2
247 2
248 2
249 1
250 1
251 2
252 1
253 1
254 2
255 2
256 1
257 1
258 1
259 2
260 2
261 2
262 2
263 2
264 1
265 2
266 1
267 1
268 2
269 1
270 2
271 2
272 1
273 2
274 2
275 2
276 2
277 1
278 2
279 1
280 2
281 2
282 1
283 2
284 2
285 2
286 1
287 1
288 1
289 2
290 2
291 2
292 2
293 1
294 1
295 2
296 2
297 1
298 2
299 1
300 1
301 1
302 1
303 2
304 1
305 1
306 1
307 1
308 2
309 2
310 2
311 2
312 2
313 1
314 1
315 1
316 2
317 1
318 1
319 1
320 1
321 1
322 2
323 2
324 1
325 2
326 1
327 2
328 2
329 1
330 1
331 2
332 1
333 2
334 2
335 2
336 1
337 2
338 1
339 2
340 2
341 2
342 1
343 1
344 2
345 1
346 2
347 1
348 2
349 2
350 1
351 1
352 1
353 2
354 2
355 2
356 2
357 1
358 2
359 2
360 1
361 2
362 1
363 1
364 2
365 1
366 2
367 1
368 2
369 2
370 1
371 1
372 1
373 1
374 2
375 2
376 1
377 1
378 1
379 2
380 2
381 1
382 1
383 2
384 2
385 2
386 1
387 1
388 2
389 2
390 1
391 1
392 2
393 2
394 1
395 2
396 1
397 2
398 1
399 1
400 1
