// obj: 283.0
// running_duration: 0.7308688163757324
// gap: 0.0
// obj_bound: 283.0
// time_limit: ('TIME_LIMIT', <class 'float'>, 3600.0, 0.0, inf, inf)
// num_nodes: 100
1 1
2 2
3 2
4 1
5 1
6 2
7 1
8 1
9 2
10 1
11 2
12 2
13 1
14 2
15 1
16 1
17 2
18 2
19 2
20 1
21 1
22 1
23 1
24 2
25 2
26 2
27 1
28 2
29 2
30 1
31 2
32 1
33 1
34 2
35 1
36 1
37 2
38 1
39 2
40 2
41 2
42 2
43 1
44 2
45 2
46 1
47 2
48 1
49 1
50 2
51 1
52 2
53 1
54 2
55 1
56 2
57 1
58 2
59 1
60 2
61 1
62 1
63 2
64 1
65 1
66 1
67 2
68 2
69 1
70 1
71 1
72 2
73 2
74 1
75 1
76 2
77 2
78 1
79 2
80 2
81 2
82 1
83 2
84 2
85 1
86 2
87 2
88 2
89 2
90 1
91 1
92 2
93 1
94 1
95 2
96 2
97 2
98 1
99 2
100 1
