// obj: 1177.0
// running_duration: 3600.0737590789795
// gap: 0.006796941376380629
// obj_bound: 1185.0
// time_limit: ('TIME_LIMIT', <class 'float'>, 3600.0, 0.0, inf, inf)
// num_nodes: 400
1 1
2 2
3 1
4 1
5 2
6 1
7 1
8 2
9 1
10 1
11 1
12 1
13 1
14 2
15 2
16 1
17 2
18 1
19 2
20 2
21 1
22 2
23 2
24 2
25 1
26 2
27 2
28 1
29 1
30 2
31 2
32 2
33 2
34 2
35 1
36 1
37 2
38 2
39 2
40 1
41 1
42 1
43 2
44 2
45 2
46 1
47 1
48 2
49 1
50 2
51 1
52 2
53 2
54 2
55 1
56 1
57 2
58 1
59 2
60 2
61 1
62 1
63 1
64 2
65 1
66 2
67 2
68 1
69 1
70 2
71 1
72 1
73 1
74 2
75 1
76 2
77 2
78 1
79 2
80 2
81 1
82 2
83 1
84 2
85 2
86 2
87 2
88 2
89 2
90 1
91 2
92 1
93 2
94 1
95 2
96 2
97 2
98 2
99 2
100 1
101 1
102 2
103 2
104 2
105 1
106 1
107 2
108 2
109 2
110 1
111 2
112 2
113 1
114 2
115 1
116 2
117 1
118 2
119 1
120 1
121 2
122 2
123 1
124 2
125 2
126 2
127 2
128 2
129 1
130 2
131 1
132 2
133 2
134 1
135 1
136 2
137 2
138 1
139 2
140 2
141 1
142 2
143 1
144 1
145 1
146 2
147 1
148 2
149 1
150 2
151 2
152 1
153 1
154 1
155 1
156 2
157 2
158 1
159 2
160 2
161 1
162 2
163 2
164 2
165 2
166 1
167 2
168 2
169 1
170 2
171 1
172 2
173 2
174 2
175 1
176 1
177 2
178 2
179 1
180 2
181 1
182 2
183 2
184 2
185 2
186 2
187 1
188 2
189 2
190 2
191 1
192 1
193 1
194 2
195 1
196 2
197 1
198 2
199 2
200 2
201 2
202 2
203 2
204 1
205 2
206 1
207 1
208 1
209 1
210 1
211 2
212 1
213 1
214 1
215 2
216 1
217 1
218 1
219 2
220 2
221 2
222 1
223 1
224 1
225 2
226 1
227 1
228 1
229 1
230 2
231 2
232 1
233 2
234 1
235 1
236 2
237 1
238 1
239 1
240 1
241 1
242 2
243 2
244 2
245 2
246 2
247 2
248 1
249 2
250 2
251 2
252 1
253 1
254 2
255 2
256 2
257 2
258 2
259 1
260 1
261 1
262 1
263 1
264 2
265 1
266 2
267 2
268 1
269 2
270 1
271 1
272 1
273 2
274 2
275 2
276 1
277 1
278 2
279 1
280 1
281 1
282 1
283 2
284 1
285 2
286 1
287 2
288 1
289 2
290 1
291 1
292 1
293 2
294 2
295 2
296 1
297 1
298 2
299 1
300 2
301 2
302 1
303 1
304 1
305 1
306 1
307 2
308 2
309 1
310 2
311 1
312 2
313 1
314 1
315 2
316 1
317 2
318 2
319 2
320 2
321 1
322 2
323 2
324 1
325 1
326 2
327 2
328 1
329 1
330 2
331 1
332 1
333 1
334 1
335 1
336 1
337 2
338 2
339 1
340 1
341 2
342 2
343 2
344 1
345 2
346 2
347 2
348 1
349 2
350 2
351 2
352 1
353 2
354 1
355 2
356 1
357 1
358 1
359 2
360 1
361 1
362 1
363 1
364 1
365 1
366 2
367 2
368 1
369 2
370 2
371 2
372 2
373 2
374 2
375 1
376 2
377 1
378 1
379 2
380 2
381 1
382 1
383 1
384 1
385 2
386 1
387 1
388 2
389 1
390 2
391 2
392 1
393 1
394 1
395 2
396 1
397 2
398 1
399 1
400 1
