// obj: 1170.0
// running_duration: 3600.1917548179626
// gap: 0.01282051282051282
// obj_bound: 1185.0
// time_limit: ('TIME_LIMIT', <class 'float'>, 3600.0, 0.0, inf, inf)
// num_nodes: 400
1 2
2 2
3 1
4 1
5 2
6 2
7 1
8 1
9 2
10 1
11 2
12 2
13 2
14 2
15 1
16 1
17 1
18 1
19 1
20 2
21 2
22 1
23 2
24 2
25 2
26 1
27 1
28 2
29 2
30 2
31 2
32 1
33 2
34 2
35 1
36 1
37 1
38 2
39 1
40 1
41 2
42 2
43 1
44 2
45 2
46 2
47 2
48 1
49 1
50 1
51 2
52 1
53 1
54 1
55 2
56 1
57 1
58 2
59 2
60 1
61 2
62 1
63 1
64 1
65 1
66 2
67 2
68 2
69 2
70 1
71 1
72 2
73 2
74 2
75 2
76 1
77 1
78 1
79 1
80 2
81 2
82 2
83 2
84 1
85 2
86 2
87 1
88 1
89 2
90 1
91 1
92 2
93 1
94 2
95 2
96 1
97 1
98 1
99 2
100 2
101 2
102 1
103 1
104 2
105 1
106 2
107 2
108 1
109 1
110 2
111 1
112 1
113 1
114 1
115 1
116 1
117 1
118 1
119 1
120 1
121 2
122 2
123 1
124 1
125 2
126 2
127 1
128 2
129 1
130 1
131 1
132 1
133 2
134 2
135 2
136 1
137 2
138 1
139 2
140 1
141 2
142 1
143 2
144 2
145 2
146 2
147 1
148 1
149 1
150 1
151 1
152 1
153 2
154 2
155 2
156 2
157 1
158 1
159 2
160 1
161 1
162 2
163 2
164 1
165 1
166 2
167 1
168 2
169 2
170 1
171 2
172 1
173 2
174 1
175 1
176 2
177 1
178 1
179 2
180 1
181 1
182 2
183 1
184 2
185 2
186 1
187 1
188 2
189 1
190 2
191 1
192 1
193 1
194 1
195 1
196 2
197 1
198 1
199 1
200 1
201 1
202 2
203 2
204 1
205 2
206 1
207 1
208 2
209 2
210 2
211 2
212 2
213 1
214 2
215 2
216 1
217 2
218 1
219 2
220 2
221 2
222 1
223 2
224 1
225 2
226 2
227 1
228 2
229 1
230 2
231 2
232 1
233 2
234 1
235 2
236 1
237 2
238 2
239 1
240 2
241 2
242 2
243 2
244 1
245 1
246 1
247 1
248 1
249 2
250 2
251 1
252 1
253 1
254 1
255 1
256 2
257 1
258 2
259 1
260 2
261 2
262 2
263 1
264 2
265 1
266 2
267 1
268 2
269 2
270 1
271 2
272 2
273 1
274 1
275 1
276 1
277 1
278 2
279 2
280 1
281 2
282 1
283 2
284 2
285 1
286 1
287 2
288 1
289 2
290 1
291 2
292 1
293 1
294 2
295 1
296 2
297 1
298 1
299 1
300 1
301 1
302 1
303 1
304 1
305 1
306 2
307 2
308 1
309 1
310 2
311 1
312 2
313 1
314 1
315 1
316 1
317 1
318 1
319 2
320 1
321 2
322 2
323 1
324 1
325 1
326 2
327 1
328 2
329 1
330 2
331 1
332 2
333 1
334 1
335 1
336 2
337 2
338 2
339 2
340 2
341 1
342 2
343 1
344 2
345 2
346 1
347 2
348 2
349 1
350 2
351 2
352 2
353 2
354 1
355 1
356 2
357 2
358 1
359 1
360 2
361 2
362 1
363 1
364 1
365 1
366 2
367 1
368 2
369 2
370 1
371 1
372 2
373 2
374 1
375 2
376 2
377 2
378 2
379 1
380 1
381 2
382 1
383 1
384 1
385 1
386 1
387 2
388 1
389 2
390 1
391 2
392 1
393 2
394 2
395 1
396 1
397 2
398 1
399 2
400 1
