// obj: 878.0
// running_duration: 775.0624859333038
// gap: 0.0
// obj_bound: 878.0
// time_limit: ('TIME_LIMIT', <class 'float'>, 3600.0, 0.0, inf, inf)
// num_nodes: 300
1 1
2 1
3 1
4 2
5 2
6 1
7 1
8 2
9 2
10 2
11 1
12 1
13 2
14 2
15 2
16 1
17 2
18 1
19 1
20 2
21 2
22 1
23 2
24 2
25 1
26 1
27 2
28 1
29 1
30 1
31 2
32 2
33 1
34 2
35 2
36 1
37 1
38 2
39 2
40 1
41 2
42 2
43 2
44 2
45 2
46 1
47 2
48 1
49 2
50 2
51 2
52 2
53 1
54 1
55 1
56 2
57 1
58 2
59 2
60 1
61 2
62 2
63 2
64 1
65 1
66 1
67 2
68 2
69 2
70 1
71 2
72 1
73 2
74 1
75 2
76 2
77 2
78 2
79 2
80 2
81 1
82 2
83 2
84 2
85 1
86 1
87 2
88 2
89 1
90 2
91 2
92 1
93 2
94 1
95 2
96 1
97 1
98 1
99 1
100 2
101 1
102 1
103 2
104 2
105 1
106 2
107 1
108 2
109 2
110 1
111 2
112 2
113 1
114 2
115 1
116 1
117 1
118 1
119 1
120 1
121 1
122 2
123 1
124 1
125 2
126 1
127 1
128 1
129 1
130 1
131 1
132 2
133 1
134 1
135 2
136 2
137 2
138 1
139 1
140 1
141 2
142 2
143 2
144 1
145 2
146 2
147 2
148 2
149 2
150 1
151 1
152 2
153 1
154 1
155 1
156 2
157 2
158 1
159 2
160 2
161 1
162 1
163 1
164 1
165 1
166 1
167 1
168 2
169 1
170 1
171 1
172 1
173 2
174 1
175 2
176 2
177 1
178 1
179 2
180 1
181 1
182 2
183 1
184 2
185 1
186 1
187 2
188 1
189 2
190 1
191 2
192 2
193 2
194 1
195 1
196 2
197 2
198 2
199 1
200 2
201 1
202 2
203 2
204 1
205 1
206 1
207 1
208 2
209 2
210 1
211 1
212 1
213 2
214 1
215 2
216 1
217 2
218 1
219 1
220 2
221 1
222 1
223 1
224 1
225 2
226 2
227 1
228 1
229 1
230 2
231 2
232 1
233 1
234 1
235 2
236 2
237 1
238 1
239 1
240 2
241 2
242 2
243 1
244 2
245 1
246 1
247 2
248 2
249 2
250 1
251 2
252 2
253 1
254 1
255 1
256 2
257 2
258 1
259 2
260 1
261 1
262 2
263 2
264 1
265 2
266 1
267 2
268 2
269 1
270 1
271 2
272 1
273 2
274 1
275 2
276 1
277 2
278 1
279 2
280 2
281 1
282 2
283 1
284 2
285 2
286 2
287 2
288 2
289 2
290 1
291 1
292 1
293 2
294 1
295 1
296 1
297 2
298 1
299 1
300 1
