// obj: 280.0
// running_duration: 0.839684009552002
// gap: 0.0
// obj_bound: 280.0
// time_limit: ('TIME_LIMIT', <class 'float'>, 3600.0, 0.0, inf, inf)
// num_nodes: 100
1 2
2 2
3 1
4 2
5 2
6 1
7 2
8 1
9 1
10 1
11 2
12 1
13 2
14 1
15 1
16 1
17 1
18 2
19 2
20 2
21 1
22 1
23 2
24 2
25 1
26 2
27 2
28 1
29 2
30 1
31 2
32 2
33 2
34 1
35 1
36 1
37 2
38 1
39 1
40 1
41 1
42 1
43 2
44 1
45 1
46 2
47 2
48 2
49 2
50 1
51 2
52 1
53 2
54 2
55 2
56 2
57 2
58 1
59 1
60 1
61 2
62 2
63 1
64 1
65 1
66 2
67 2
68 2
69 2
70 1
71 1
72 2
73 2
74 2
75 1
76 2
77 2
78 1
79 2
80 2
81 2
82 2
83 1
84 1
85 1
86 1
87 2
88 2
89 1
90 2
91 2
92 2
93 2
94 2
95 2
96 1
97 2
98 2
99 2
100 1
