// obj: 283.0
// running_duration: 0.5915040969848633
// gap: 0.0
// obj_bound: 283.0
// time_limit: ('TIME_LIMIT', <class 'float'>, 3600.0, 0.0, inf, inf)
// num_nodes: 100
1 1
2 1
3 2
4 2
5 1
6 1
7 2
8 2
9 1
10 2
11 1
12 2
13 2
14 1
15 2
16 1
17 1
18 1
19 2
20 1
21 2
22 1
23 1
24 1
25 2
26 1
27 2
28 1
29 1
30 2
31 1
32 2
33 1
34 2
35 2
36 2
37 1
38 1
39 1
40 2
41 1
42 2
43 2
44 2
45 2
46 2
47 1
48 1
49 2
50 1
51 2
52 2
53 2
54 2
55 1
56 1
57 2
58 2
59 1
60 1
61 2
62 1
63 1
64 2
65 2
66 1
67 2
68 2
69 1
70 1
71 2
72 2
73 1
74 2
75 1
76 2
77 2
78 1
79 2
80 1
81 1
82 2
83 2
84 2
85 1
86 1
87 1
88 1
89 1
90 2
91 2
92 1
93 2
94 1
95 1
96 1
97 1
98 2
99 2
100 1
