// obj: 287.0
// running_duration: 0.28798794746398926
// gap: 0.0
// obj_bound: 287.0
// time_limit: ('TIME_LIMIT', <class 'float'>, 3600.0, 0.0, inf, inf)
// num_nodes: 100
1 1
2 2
3 1
4 1
5 1
6 2
7 2
8 2
9 1
10 1
11 1
12 1
13 1
14 1
15 2
16 2
17 2
18 2
19 2
20 2
21 1
22 2
23 2
24 1
25 2
26 2
27 2
28 2
29 2
30 2
31 2
32 1
33 1
34 1
35 2
36 1
37 2
38 2
39 2
40 1
41 1
42 1
43 1
44 1
45 2
46 1
47 2
48 2
49 1
50 2
51 2
52 1
53 1
54 1
55 2
56 2
57 2
58 2
59 1
60 1
61 1
62 1
63 2
64 2
65 2
66 2
67 2
68 2
69 2
70 1
71 1
72 1
73 1
74 2
75 2
76 2
77 2
78 1
79 2
80 1
81 1
82 2
83 1
84 2
85 1
86 2
87 1
88 1
89 2
90 1
91 1
92 1
93 2
94 2
95 2
96 1
97 1
98 2
99 1
100 2
