// obj: 876.0
// running_duration: 1247.4247238636017
// gap: 0.0
// obj_bound: 876.0
// time_limit: ('TIME_LIMIT', <class 'float'>, 3600.0, 0.0, inf, inf)
// num_nodes: 300
1 2
2 1
3 1
4 1
5 1
6 2
7 2
8 2
9 1
10 2
11 1
12 2
13 1
14 1
15 2
16 2
17 1
18 2
19 1
20 2
21 1
22 2
23 2
24 2
25 2
26 2
27 2
28 2
29 2
30 1
31 1
32 2
33 1
34 1
35 1
36 2
37 1
38 1
39 1
40 1
41 1
42 1
43 2
44 1
45 1
46 2
47 1
48 1
49 1
50 1
51 2
52 1
53 1
54 1
55 2
56 1
57 1
58 2
59 1
60 2
61 2
62 2
63 2
64 1
65 2
66 2
67 2
68 2
69 2
70 1
71 1
72 2
73 1
74 2
75 2
76 2
77 1
78 2
79 1
80 2
81 1
82 2
83 2
84 2
85 1
86 2
87 2
88 2
89 2
90 2
91 1
92 1
93 2
94 1
95 2
96 2
97 2
98 1
99 2
100 2
101 1
102 2
103 1
104 2
105 1
106 2
107 2
108 2
109 2
110 2
111 2
112 1
113 1
114 1
115 2
116 2
117 1
118 2
119 1
120 2
121 1
122 1
123 1
124 2
125 1
126 2
127 1
128 2
129 1
130 1
131 1
132 2
133 1
134 2
135 2
136 1
137 2
138 1
139 2
140 1
141 1
142 2
143 1
144 2
145 2
146 2
147 1
148 1
149 1
150 2
151 2
152 2
153 1
154 2
155 1
156 2
157 1
158 1
159 1
160 1
161 2
162 1
163 2
164 2
165 1
166 1
167 2
168 1
169 1
170 2
171 1
172 2
173 1
174 1
175 2
176 1
177 2
178 1
179 1
180 2
181 2
182 2
183 1
184 2
185 1
186 2
187 2
188 1
189 2
190 2
191 2
192 2
193 1
194 1
195 2
196 2
197 1
198 1
199 2
200 1
201 2
202 2
203 1
204 1
205 2
206 1
207 1
208 1
209 1
210 2
211 1
212 1
213 2
214 1
215 1
216 2
217 2
218 2
219 1
220 2
221 2
222 1
223 2
224 2
225 1
226 1
227 2
228 1
229 1
230 2
231 2
232 2
233 1
234 2
235 2
236 1
237 1
238 2
239 1
240 2
241 1
242 2
243 1
244 1
245 1
246 1
247 2
248 1
249 2
250 2
251 1
252 2
253 2
254 2
255 2
256 1
257 1
258 2
259 1
260 1
261 1
262 1
263 1
264 2
265 1
266 1
267 1
268 2
269 1
270 1
271 1
272 1
273 2
274 1
275 1
276 2
277 1
278 2
279 1
280 1
281 1
282 1
283 2
284 2
285 1
286 1
287 1
288 1
289 1
290 2
291 1
292 2
293 1
294 2
295 1
296 2
297 2
298 1
299 2
300 1
