// obj: 284.0
// running_duration: 0.627612829208374
// gap: 0.0
// obj_bound: 284.0
// time_limit: ('TIME_LIMIT', <class 'float'>, 3600.0, 0.0, inf, inf)
// num_nodes: 100
1 1
2 2
3 2
4 2
5 1
6 2
7 2
8 2
9 1
10 1
11 1
12 2
13 1
14 1
15 1
16 2
17 1
18 2
19 1
20 1
21 1
22 2
23 1
24 1
25 2
26 2
27 1
28 1
29 2
30 1
31 1
32 2
33 1
34 1
35 1
36 2
37 1
38 2
39 1
40 1
41 1
42 2
43 2
44 1
45 1
46 1
47 2
48 2
49 2
50 2
51 1
52 2
53 2
54 1
55 2
56 1
57 1
58 2
59 2
60 2
61 1
62 2
63 2
64 2
65 1
66 2
67 2
68 1
69 1
70 2
71 2
72 1
73 2
74 2
75 1
76 1
77 1
78 1
79 2
80 2
81 1
82 2
83 1
84 2
85 2
86 1
87 2
88 2
89 1
90 2
91 1
92 2
93 2
94 2
95 1
96 1
97 2
98 2
99 2
100 1
