// obj: 1467.0
// running_duration: 3600.1188509464264
// gap: 0.027266530334014997
// obj_bound: 1507.0
// time_limit: ('TIME_LIMIT', <class 'float'>, 3600.0, 0.0, inf, inf)
// num_nodes: 500
1 1
2 2
3 1
4 1
5 1
6 2
7 1
8 2
9 1
10 1
11 1
12 2
13 2
14 1
15 1
16 1
17 1
18 1
19 2
20 2
21 2
22 2
23 2
24 2
25 1
26 1
27 2
28 1
29 2
30 1
31 2
32 1
33 1
34 2
35 1
36 2
37 1
38 1
39 1
40 1
41 2
42 2
43 1
44 2
45 2
46 2
47 1
48 1
49 2
50 1
51 1
52 2
53 2
54 2
55 2
56 1
57 2
58 1
59 1
60 1
61 2
62 1
63 2
64 2
65 2
66 1
67 2
68 1
69 2
70 2
71 1
72 1
73 1
74 1
75 2
76 2
77 1
78 2
79 2
80 2
81 1
82 1
83 1
84 1
85 1
86 2
87 2
88 2
89 2
90 1
91 2
92 1
93 2
94 2
95 1
96 1
97 1
98 2
99 1
100 1
101 2
102 2
103 2
104 1
105 2
106 1
107 1
108 2
109 1
110 1
111 2
112 1
113 2
114 1
115 1
116 2
117 2
118 2
119 2
120 2
121 2
122 2
123 1
124 1
125 2
126 2
127 2
128 1
129 1
130 2
131 2
132 2
133 2
134 2
135 2
136 1
137 1
138 1
139 1
140 2
141 1
142 1
143 2
144 1
145 2
146 2
147 1
148 2
149 1
150 2
151 2
152 2
153 1
154 1
155 1
156 2
157 2
158 2
159 2
160 1
161 1
162 1
163 2
164 2
165 2
166 2
167 1
168 2
169 2
170 1
171 1
172 1
173 1
174 1
175 1
176 1
177 1
178 1
179 2
180 1
181 1
182 1
183 2
184 1
185 1
186 2
187 1
188 1
189 2
190 2
191 2
192 1
193 2
194 1
195 2
196 2
197 2
198 2
199 1
200 1
201 2
202 1
203 1
204 2
205 1
206 1
207 2
208 1
209 2
210 1
211 1
212 1
213 1
214 2
215 1
216 1
217 2
218 2
219 1
220 1
221 1
222 2
223 2
224 2
225 2
226 1
227 1
228 1
229 2
230 1
231 1
232 1
233 2
234 2
235 2
236 1
237 2
238 2
239 1
240 1
241 1
242 2
243 1
244 2
245 2
246 2
247 1
248 1
249 2
250 1
251 2
252 2
253 1
254 1
255 2
256 2
257 1
258 2
259 2
260 1
261 2
262 2
263 1
264 2
265 1
266 1
267 1
268 1
269 1
270 1
271 2
272 1
273 1
274 1
275 1
276 2
277 1
278 1
279 2
280 1
281 2
282 2
283 2
284 2
285 1
286 2
287 2
288 1
289 2
290 1
291 2
292 1
293 2
294 1
295 1
296 2
297 1
298 2
299 1
300 1
301 2
302 1
303 2
304 1
305 2
306 1
307 1
308 1
309 1
310 2
311 2
312 1
313 1
314 1
315 1
316 1
317 2
318 2
319 1
320 1
321 2
322 1
323 1
324 2
325 2
326 2
327 1
328 2
329 1
330 1
331 2
332 2
333 2
334 1
335 2
336 1
337 2
338 2
339 1
340 1
341 2
342 1
343 2
344 1
345 2
346 1
347 2
348 2
349 2
350 2
351 1
352 1
353 1
354 2
355 2
356 2
357 1
358 2
359 2
360 1
361 2
362 2
363 1
364 2
365 1
366 1
367 2
368 2
369 1
370 1
371 2
372 2
373 1
374 2
375 2
376 2
377 1
378 1
379 1
380 1
381 1
382 2
383 2
384 1
385 2
386 1
387 1
388 2
389 2
390 1
391 1
392 2
393 2
394 1
395 1
396 2
397 2
398 1
399 1
400 1
401 2
402 2
403 2
404 2
405 1
406 2
407 2
408 1
409 2
410 1
411 1
412 1
413 1
414 2
415 2
416 2
417 2
418 1
419 1
420 2
421 2
422 2
423 2
424 2
425 2
426 1
427 2
428 2
429 1
430 1
431 2
432 2
433 2
434 1
435 1
436 1
437 1
438 1
439 1
440 1
441 2
442 2
443 1
444 2
445 1
446 1
447 2
448 1
449 1
450 1
451 2
452 1
453 2
454 2
455 2
456 2
457 1
458 1
459 2
460 2
461 2
462 1
463 2
464 2
465 2
466 2
467 1
468 2
469 2
470 2
471 2
472 2
473 1
474 2
475 2
476 1
477 1
478 2
479 1
480 2
481 1
482 1
483 2
484 1
485 2
486 2
487 2
488 2
489 1
490 1
491 1
492 1
493 2
494 2
495 1
496 2
497 1
498 1
499 2
500 1
