// obj: 282.0
// running_duration: 0.9561800956726074
// gap: 0.0
// obj_bound: 282.0
// time_limit: ('TIME_LIMIT', <class 'float'>, 3600.0, 0.0, inf, inf)
// num_nodes: 100
1 2
2 2
3 2
4 2
5 1
6 2
7 1
8 1
9 1
10 2
11 1
12 1
13 2
14 1
15 1
16 1
17 2
18 2
19 2
20 2
21 1
22 1
23 1
24 1
25 2
26 1
27 1
28 1
29 1
30 1
31 1
32 1
33 2
34 1
35 2
36 1
37 1
38 1
39 2
40 2
41 1
42 2
43 2
44 2
45 1
46 2
47 1
48 2
49 2
50 2
51 2
52 1
53 1
54 1
55 1
56 1
57 2
58 1
59 1
60 1
61 1
62 1
63 2
64 2
65 1
66 2
67 1
68 2
69 2
70 2
71 2
72 2
73 2
74 1
75 1
76 2
77 1
78 2
79 1
80 1
81 2
82 2
83 1
84 2
85 2
86 1
87 1
88 2
89 1
90 2
91 1
92 2
93 1
94 1
95 1
96 1
97 1
98 1
99 1
100 1
