// obj: 576.0
// running_duration: 245.20892310142517
// gap: 0.0
// obj_bound: 576.0
// time_limit: ('TIME_LIMIT', <class 'float'>, 3600.0, 0.0, inf, inf)
// num_nodes: 200
1 1
2 2
3 1
4 1
5 2
6 2
7 1
8 1
9 1
10 2
11 2
12 2
13 1
14 1
15 1
16 1
17 1
18 2
19 1
20 2
21 1
22 2
23 2
24 2
25 2
26 1
27 1
28 2
29 1
30 1
31 2
32 2
33 1
34 1
35 1
36 2
37 2
38 2
39 2
40 2
41 1
42 2
43 2
44 1
45 1
46 2
47 2
48 2
49 2
50 1
51 1
52 1
53 2
54 1
55 1
56 1
57 2
58 2
59 1
60 1
61 1
62 1
63 2
64 2
65 2
66 2
67 2
68 2
69 2
70 1
71 1
72 1
73 1
74 2
75 2
76 1
77 2
78 2
79 1
80 1
81 2
82 1
83 1
84 1
85 1
86 1
87 1
88 2
89 1
90 2
91 2
92 1
93 2
94 1
95 1
96 1
97 2
98 1
99 1
100 1
101 2
102 2
103 1
104 1
105 1
106 2
107 1
108 1
109 2
110 2
111 2
112 1
113 2
114 1
115 2
116 1
117 2
118 2
119 1
120 2
121 1
122 1
123 2
124 2
125 2
126 1
127 1
128 1
129 2
130 1
131 2
132 1
133 1
134 1
135 1
136 2
137 1
138 2
139 2
140 2
141 2
142 1
143 2
144 2
145 2
146 1
147 1
148 1
149 2
150 2
151 2
152 1
153 2
154 2
155 1
156 2
157 2
158 1
159 2
160 2
161 1
162 1
163 1
164 1
165 2
166 2
167 2
168 1
169 2
170 2
171 2
172 2
173 1
174 1
175 2
176 2
177 2
178 2
179 1
180 2
181 2
182 2
183 1
184 1
185 2
186 2
187 2
188 1
189 2
190 1
191 1
192 2
193 1
194 1
195 1
196 1
197 2
198 1
199 2
200 2
