// obj: 1170.0
// running_duration: 3600.0320909023285
// gap: 0.005982905982905983
// obj_bound: 1177.0
// time_limit: ('TIME_LIMIT', <class 'float'>, 3600.0, 0.0, inf, inf)
// num_nodes: 400
1 2
2 2
3 1
4 2
5 1
6 2
7 1
8 2
9 1
10 1
11 1
12 2
13 2
14 2
15 1
16 1
17 2
18 1
19 2
20 1
21 2
22 1
23 2
24 2
25 1
26 1
27 2
28 2
29 1
30 1
31 1
32 2
33 2
34 2
35 1
36 2
37 1
38 1
39 2
40 2
41 2
42 1
43 1
44 1
45 1
46 1
47 2
48 2
49 1
50 2
51 1
52 2
53 1
54 1
55 1
56 2
57 1
58 2
59 2
60 2
61 1
62 1
63 1
64 1
65 2
66 1
67 2
68 2
69 1
70 1
71 1
72 1
73 2
74 2
75 1
76 1
77 2
78 1
79 1
80 2
81 2
82 2
83 1
84 1
85 1
86 1
87 1
88 1
89 2
90 2
91 2
92 1
93 1
94 1
95 1
96 1
97 1
98 2
99 2
100 2
101 1
102 1
103 1
104 1
105 1
106 2
107 2
108 1
109 2
110 1
111 2
112 1
113 2
114 2
115 2
116 2
117 2
118 2
119 1
120 1
121 2
122 1
123 2
124 2
125 1
126 2
127 2
128 1
129 1
130 2
131 2
132 2
133 2
134 2
135 1
136 1
137 1
138 2
139 1
140 2
141 2
142 2
143 2
144 2
145 2
146 1
147 1
148 1
149 1
150 1
151 1
152 2
153 1
154 2
155 2
156 2
157 1
158 2
159 2
160 1
161 1
162 2
163 1
164 1
165 2
166 2
167 2
168 1
169 2
170 2
171 1
172 1
173 1
174 1
175 2
176 2
177 1
178 2
179 2
180 2
181 2
182 1
183 2
184 1
185 1
186 2
187 1
188 1
189 2
190 2
191 1
192 1
193 2
194 2
195 1
196 2
197 2
198 2
199 2
200 2
201 1
202 1
203 2
204 1
205 2
206 1
207 1
208 1
209 1
210 2
211 1
212 2
213 2
214 2
215 2
216 1
217 1
218 1
219 2
220 1
221 1
222 1
223 1
224 1
225 1
226 1
227 1
228 2
229 2
230 2
231 2
232 2
233 2
234 2
235 1
236 1
237 1
238 2
239 2
240 1
241 1
242 2
243 1
244 1
245 2
246 2
247 1
248 1
249 1
250 1
251 2
252 1
253 1
254 2
255 1
256 2
257 2
258 1
259 1
260 2
261 2
262 2
263 2
264 2
265 2
266 2
267 2
268 2
269 1
270 2
271 2
272 1
273 2
274 1
275 2
276 2
277 1
278 2
279 1
280 1
281 2
282 2
283 1
284 1
285 1
286 2
287 2
288 1
289 2
290 2
291 1
292 2
293 1
294 1
295 2
296 1
297 1
298 2
299 2
300 2
301 2
302 1
303 1
304 1
305 2
306 2
307 2
308 1
309 1
310 1
311 1
312 1
313 2
314 2
315 1
316 2
317 2
318 2
319 2
320 2
321 1
322 1
323 2
324 2
325 2
326 2
327 1
328 2
329 1
330 1
331 1
332 2
333 1
334 2
335 2
336 2
337 1
338 2
339 2
340 1
341 2
342 2
343 2
344 2
345 2
346 1
347 1
348 2
349 2
350 1
351 1
352 2
353 1
354 2
355 1
356 2
357 1
358 2
359 2
360 1
361 1
362 2
363 2
364 1
365 1
366 1
367 2
368 1
369 1
370 2
371 2
372 1
373 2
374 1
375 1
376 1
377 2
378 1
379 2
380 1
381 2
382 1
383 1
384 1
385 1
386 2
387 2
388 2
389 1
390 2
391 1
392 1
393 2
394 1
395 1
396 2
397 2
398 2
399 2
400 2
