// obj: 578.0
// running_duration: 18.915551900863647
// gap: 0.0
// obj_bound: 578.0
// time_limit: ('TIME_LIMIT', <class 'float'>, 3600.0, 0.0, inf, inf)
// num_nodes: 200
1 1
2 2
3 1
4 1
5 1
6 1
7 2
8 2
9 1
10 1
11 2
12 2
13 1
14 1
15 1
16 2
17 1
18 2
19 2
20 1
21 1
22 2
23 2
24 2
25 2
26 2
27 2
28 2
29 2
30 1
31 2
32 1
33 1
34 2
35 2
36 2
37 1
38 2
39 2
40 2
41 2
42 2
43 1
44 2
45 1
46 1
47 2
48 1
49 2
50 1
51 1
52 1
53 2
54 2
55 2
56 2
57 1
58 1
59 2
60 2
61 2
62 2
63 1
64 1
65 2
66 2
67 1
68 2
69 1
70 2
71 2
72 1
73 1
74 1
75 2
76 2
77 1
78 1
79 1
80 2
81 1
82 2
83 1
84 1
85 1
86 1
87 2
88 1
89 1
90 2
91 1
92 2
93 2
94 2
95 2
96 2
97 1
98 1
99 2
100 1
101 1
102 2
103 2
104 2
105 2
106 2
107 2
108 2
109 1
110 1
111 2
112 2
113 1
114 1
115 2
116 2
117 1
118 2
119 2
120 1
121 2
122 1
123 1
124 1
125 1
126 2
127 1
128 1
129 2
130 1
131 2
132 1
133 2
134 1
135 2
136 1
137 2
138 1
139 2
140 2
141 2
142 1
143 2
144 2
145 2
146 2
147 1
148 2
149 2
150 2
151 1
152 1
153 2
154 1
155 1
156 1
157 2
158 2
159 2
160 1
161 1
162 1
163 2
164 2
165 2
166 1
167 2
168 2
169 1
170 2
171 2
172 1
173 1
174 2
175 2
176 2
177 2
178 2
179 2
180 2
181 2
182 2
183 2
184 1
185 2
186 1
187 1
188 2
189 2
190 1
191 1
192 2
193 2
194 1
195 1
196 2
197 1
198 2
199 2
200 2
