// obj: 1475.0
// running_duration: 3600.0354878902435
// gap: 0.01966101694915254
// obj_bound: 1504.0
// time_limit: ('TIME_LIMIT', <class 'float'>, 3600.0, 0.0, inf, inf)
// num_nodes: 500
1 1
2 1
3 1
4 2
5 1
6 1
7 2
8 2
9 1
10 2
11 2
12 1
13 2
14 2
15 1
16 1
17 1
18 1
19 2
20 2
21 2
22 1
23 2
24 2
25 2
26 2
27 2
28 1
29 1
30 2
31 2
32 1
33 1
34 2
35 2
36 2
37 1
38 1
39 1
40 2
41 1
42 2
43 2
44 2
45 1
46 2
47 2
48 2
49 2
50 1
51 2
52 2
53 2
54 1
55 1
56 1
57 2
58 1
59 2
60 1
61 2
62 2
63 1
64 2
65 2
66 2
67 1
68 2
69 1
70 1
71 1
72 2
73 2
74 2
75 1
76 1
77 1
78 1
79 1
80 2
81 2
82 2
83 1
84 2
85 2
86 1
87 2
88 2
89 2
90 2
91 1
92 1
93 2
94 2
95 1
96 2
97 2
98 2
99 1
100 1
101 2
102 2
103 1
104 1
105 2
106 2
107 1
108 2
109 1
110 1
111 1
112 1
113 2
114 2
115 1
116 1
117 1
118 1
119 2
120 1
121 2
122 2
123 2
124 1
125 2
126 2
127 2
128 1
129 1
130 1
131 1
132 2
133 2
134 1
135 1
136 1
137 2
138 2
139 2
140 2
141 1
142 1
143 2
144 1
145 2
146 1
147 1
148 2
149 1
150 1
151 1
152 1
153 2
154 2
155 1
156 1
157 1
158 1
159 2
160 1
161 2
162 2
163 2
164 1
165 1
166 1
167 1
168 2
169 1
170 1
171 1
172 1
173 2
174 1
175 2
176 2
177 1
178 1
179 2
180 1
181 1
182 1
183 1
184 1
185 2
186 1
187 2
188 2
189 2
190 1
191 1
192 2
193 1
194 1
195 1
196 1
197 2
198 1
199 1
200 1
201 1
202 2
203 2
204 1
205 1
206 1
207 1
208 1
209 2
210 1
211 1
212 2
213 2
214 1
215 1
216 2
217 2
218 2
219 2
220 2
221 2
222 1
223 2
224 1
225 2
226 1
227 1
228 2
229 2
230 2
231 1
232 1
233 1
234 2
235 1
236 2
237 2
238 1
239 2
240 2
241 2
242 1
243 2
244 2
245 1
246 1
247 1
248 2
249 1
250 1
251 2
252 1
253 2
254 2
255 1
256 1
257 1
258 2
259 1
260 1
261 2
262 2
263 1
264 2
265 2
266 2
267 1
268 1
269 2
270 1
271 2
272 2
273 1
274 1
275 2
276 2
277 1
278 2
279 2
280 2
281 2
282 2
283 2
284 1
285 2
286 2
287 2
288 2
289 1
290 1
291 1
292 1
293 2
294 1
295 1
296 1
297 1
298 2
299 1
300 2
301 1
302 1
303 1
304 1
305 2
306 1
307 1
308 2
309 2
310 2
311 2
312 1
313 2
314 1
315 1
316 2
317 2
318 2
319 2
320 2
321 1
322 1
323 1
324 2
325 2
326 1
327 1
328 1
329 2
330 2
331 2
332 2
333 1
334 2
335 2
336 2
337 2
338 2
339 1
340 1
341 1
342 2
343 1
344 2
345 2
346 2
347 1
348 1
349 2
350 2
351 2
352 2
353 2
354 2
355 1
356 1
357 1
358 1
359 1
360 2
361 2
362 1
363 2
364 2
365 2
366 1
367 1
368 1
369 1
370 2
371 2
372 2
373 1
374 2
375 1
376 2
377 1
378 1
379 2
380 1
381 1
382 1
383 1
384 1
385 1
386 2
387 2
388 2
389 2
390 2
391 1
392 2
393 2
394 1
395 1
396 1
397 2
398 2
399 2
400 1
401 1
402 2
403 1
404 2
405 2
406 1
407 1
408 1
409 1
410 2
411 2
412 2
413 1
414 2
415 2
416 2
417 1
418 1
419 1
420 2
421 1
422 1
423 1
424 1
425 1
426 2
427 2
428 1
429 1
430 1
431 2
432 1
433 2
434 2
435 1
436 2
437 1
438 1
439 1
440 1
441 1
442 1
443 1
444 2
445 1
446 1
447 1
448 1
449 2
450 1
451 2
452 2
453 2
454 2
455 2
456 1
457 2
458 2
459 2
460 2
461 2
462 2
463 2
464 1
465 1
466 1
467 2
468 2
469 2
470 1
471 1
472 2
473 2
474 1
475 1
476 1
477 2
478 1
479 1
480 1
481 2
482 1
483 1
484 2
485 1
486 1
487 1
488 2
489 1
490 1
491 1
492 1
493 1
494 1
495 2
496 1
497 2
498 1
499 2
500 1
