// obj: 1465.0
// running_duration: 3600.0897228717804
// gap: 0.025938566552901023
// obj_bound: 1503.0
// time_limit: ('TIME_LIMIT', <class 'float'>, 3600.0, 0.0, inf, inf)
// num_nodes: 500
1 2
2 1
3 1
4 2
5 1
6 2
7 1
8 1
9 1
10 2
11 2
12 1
13 1
14 2
15 2
16 2
17 2
18 1
19 2
20 2
21 2
22 1
23 1
24 1
25 2
26 1
27 2
28 1
29 2
30 2
31 1
32 1
33 2
34 2
35 2
36 2
37 2
38 1
39 1
40 1
41 2
42 2
43 1
44 2
45 1
46 2
47 2
48 2
49 2
50 2
51 2
52 2
53 1
54 1
55 1
56 2
57 2
58 1
59 1
60 2
61 2
62 2
63 1
64 1
65 2
66 2
67 2
68 1
69 2
70 1
71 1
72 1
73 2
74 2
75 1
76 1
77 2
78 2
79 2
80 1
81 1
82 1
83 1
84 2
85 2
86 2
87 1
88 2
89 1
90 1
91 1
92 2
93 1
94 1
95 2
96 1
97 1
98 1
99 2
100 2
101 1
102 1
103 2
104 1
105 1
106 2
107 1
108 1
109 1
110 2
111 1
112 2
113 2
114 1
115 1
116 1
117 1
118 2
119 2
120 1
121 2
122 1
123 1
124 2
125 1
126 1
127 2
128 1
129 1
130 2
131 2
132 1
133 1
134 1
135 2
136 2
137 1
138 2
139 1
140 2
141 1
142 1
143 2
144 2
145 2
146 1
147 2
148 2
149 2
150 1
151 2
152 2
153 1
154 1
155 1
156 1
157 1
158 2
159 2
160 1
161 2
162 2
163 2
164 2
165 2
166 2
167 1
168 2
169 2
170 2
171 1
172 2
173 2
174 1
175 2
176 1
177 1
178 2
179 1
180 2
181 2
182 2
183 2
184 1
185 1
186 2
187 1
188 2
189 1
190 1
191 1
192 2
193 2
194 2
195 2
196 1
197 1
198 1
199 2
200 1
201 2
202 1
203 2
204 2
205 2
206 2
207 1
208 1
209 1
210 1
211 2
212 1
213 1
214 1
215 2
216 2
217 2
218 1
219 1
220 1
221 1
222 2
223 2
224 2
225 2
226 2
227 2
228 1
229 2
230 2
231 2
232 1
233 1
234 2
235 1
236 2
237 1
238 1
239 1
240 1
241 2
242 1
243 1
244 1
245 1
246 2
247 1
248 1
249 1
250 2
251 1
252 2
253 1
254 2
255 2
256 2
257 1
258 1
259 1
260 2
261 1
262 2
263 2
264 1
265 1
266 1
267 2
268 1
269 1
270 1
271 2
272 2
273 2
274 2
275 1
276 1
277 2
278 2
279 1
280 2
281 1
282 1
283 2
284 1
285 2
286 1
287 2
288 2
289 2
290 1
291 1
292 2
293 1
294 1
295 1
296 2
297 1
298 2
299 1
300 2
301 2
302 1
303 2
304 1
305 1
306 1
307 1
308 2
309 1
310 1
311 2
312 1
313 1
314 2
315 2
316 2
317 1
318 2
319 1
320 2
321 1
322 1
323 2
324 2
325 1
326 2
327 1
328 2
329 1
330 2
331 2
332 2
333 1
334 2
335 2
336 2
337 1
338 1
339 1
340 2
341 1
342 2
343 1
344 1
345 2
346 2
347 1
348 2
349 2
350 2
351 1
352 1
353 2
354 1
355 1
356 1
357 1
358 2
359 1
360 2
361 2
362 1
363 2
364 2
365 2
366 2
367 1
368 1
369 1
370 2
371 1
372 2
373 2
374 1
375 2
376 2
377 2
378 1
379 1
380 1
381 2
382 2
383 2
384 2
385 1
386 1
387 1
388 1
389 1
390 2
391 1
392 1
393 1
394 2
395 2
396 1
397 1
398 2
399 1
400 2
401 2
402 2
403 2
404 2
405 2
406 1
407 2
408 2
409 2
410 1
411 2
412 2
413 2
414 2
415 1
416 2
417 1
418 2
419 2
420 1
421 1
422 1
423 1
424 1
425 2
426 2
427 1
428 2
429 1
430 1
431 2
432 1
433 1
434 2
435 1
436 2
437 1
438 2
439 1
440 1
441 1
442 1
443 1
444 2
445 1
446 2
447 1
448 2
449 2
450 1
451 1
452 1
453 1
454 1
455 1
456 1
457 1
458 2
459 1
460 2
461 2
462 1
463 1
464 2
465 1
466 1
467 1
468 1
469 1
470 2
471 1
472 1
473 2
474 1
475 1
476 1
477 2
478 1
479 1
480 2
481 2
482 1
483 1
484 2
485 2
486 2
487 1
488 1
489 1
490 2
491 2
492 2
493 2
494 1
495 1
496 1
497 1
498 1
499 1
500 2
