// obj: 285.0
// running_duration: 0.5109899044036865
// gap: 0.0
// obj_bound: 285.0
// time_limit: ('TIME_LIMIT', <class 'float'>, 3600.0, 0.0, inf, inf)
// num_nodes: 100
1 2
2 2
3 2
4 1
5 1
6 2
7 1
8 1
9 2
10 1
11 1
12 1
13 1
14 1
15 2
16 2
17 1
18 2
19 2
20 2
21 1
22 1
23 2
24 1
25 2
26 2
27 2
28 1
29 1
30 2
31 2
32 2
33 1
34 1
35 2
36 2
37 1
38 1
39 2
40 2
41 2
42 2
43 1
44 1
45 2
46 1
47 2
48 1
49 1
50 2
51 1
52 2
53 2
54 2
55 2
56 1
57 1
58 1
59 2
60 2
61 1
62 2
63 2
64 2
65 2
66 1
67 2
68 2
69 2
70 2
71 2
72 1
73 1
74 2
75 2
76 2
77 2
78 1
79 2
80 2
81 2
82 1
83 1
84 2
85 2
86 1
87 1
88 2
89 2
90 2
91 1
92 2
93 1
94 1
95 2
96 1
97 1
98 2
99 1
100 1
