// obj: 880.0
// running_duration: 660.1582021713257
// gap: 0.0
// obj_bound: 880.0
// time_limit: ('TIME_LIMIT', <class 'float'>, 3600.0, 0.0, inf, inf)
// num_nodes: 300
1 1
2 1
3 1
4 1
5 2
6 1
7 1
8 1
9 2
10 2
11 2
12 2
13 1
14 1
15 1
16 2
17 2
18 2
19 2
20 1
21 1
22 2
23 1
24 1
25 1
26 1
27 1
28 1
29 2
30 2
31 1
32 2
33 2
34 2
35 1
36 2
37 2
38 1
39 2
40 2
41 2
42 2
43 1
44 1
45 1
46 1
47 2
48 1
49 2
50 2
51 1
52 2
53 2
54 1
55 2
56 1
57 1
58 2
59 2
60 1
61 2
62 1
63 1
64 1
65 1
66 1
67 1
68 1
69 2
70 2
71 2
72 1
73 1
74 2
75 1
76 2
77 2
78 2
79 2
80 1
81 1
82 2
83 1
84 2
85 2
86 1
87 2
88 2
89 2
90 2
91 1
92 2
93 2
94 2
95 2
96 2
97 2
98 1
99 2
100 2
101 2
102 1
103 1
104 2
105 1
106 2
107 2
108 2
109 2
110 2
111 2
112 1
113 2
114 2
115 1
116 2
117 1
118 1
119 1
120 2
121 1
122 2
123 2
124 1
125 2
126 1
127 2
128 1
129 1
130 2
131 1
132 2
133 2
134 2
135 1
136 2
137 2
138 2
139 2
140 2
141 1
142 2
143 2
144 2
145 1
146 2
147 1
148 2
149 2
150 2
151 2
152 2
153 2
154 1
155 2
156 1
157 1
158 2
159 1
160 2
161 1
162 1
163 1
164 1
165 1
166 1
167 2
168 1
169 2
170 1
171 1
172 1
173 2
174 1
175 2
176 1
177 2
178 1
179 2
180 1
181 1
182 1
183 2
184 2
185 1
186 2
187 2
188 1
189 2
190 1
191 2
192 2
193 1
194 2
195 2
196 1
197 1
198 1
199 2
200 2
201 2
202 2
203 2
204 2
205 1
206 1
207 1
208 1
209 2
210 2
211 1
212 1
213 1
214 1
215 2
216 2
217 1
218 1
219 1
220 2
221 2
222 2
223 2
224 1
225 1
226 1
227 2
228 2
229 1
230 1
231 2
232 2
233 2
234 2
235 1
236 1
237 1
238 1
239 2
240 2
241 2
242 2
243 2
244 2
245 1
246 2
247 2
248 2
249 2
250 2
251 1
252 1
253 2
254 2
255 2
256 2
257 2
258 2
259 1
260 1
261 2
262 2
263 1
264 1
265 2
266 1
267 1
268 2
269 2
270 2
271 1
272 2
273 2
274 1
275 1
276 2
277 1
278 1
279 2
280 1
281 1
282 2
283 2
284 2
285 1
286 2
287 2
288 2
289 2
290 2
291 2
292 2
293 1
294 1
295 2
296 1
297 1
298 1
299 1
300 1
