// obj: 583.0
// running_duration: 34.40214514732361
// gap: 0.0
// obj_bound: 583.0
// time_limit: ('TIME_LIMIT', <class 'float'>, 3600.0, 0.0, inf, inf)
// num_nodes: 200
1 1
2 2
3 1
4 1
5 2
6 1
7 1
8 2
9 1
10 2
11 2
12 2
13 2
14 2
15 2
16 1
17 2
18 1
19 1
20 2
21 2
22 2
23 2
24 2
25 2
26 2
27 1
28 2
29 1
30 2
31 1
32 2
33 1
34 1
35 2
36 2
37 1
38 1
39 1
40 2
41 2
42 2
43 1
44 1
45 2
46 2
47 1
48 1
49 1
50 1
51 2
52 1
53 2
54 2
55 2
56 1
57 1
58 2
59 1
60 1
61 2
62 1
63 1
64 1
65 2
66 2
67 2
68 2
69 2
70 2
71 2
72 2
73 2
74 2
75 1
76 1
77 2
78 2
79 2
80 1
81 1
82 1
83 2
84 1
85 1
86 1
87 2
88 1
89 1
90 2
91 2
92 2
93 1
94 2
95 1
96 1
97 1
98 1
99 1
100 2
101 2
102 2
103 2
104 1
105 1
106 1
107 1
108 2
109 2
110 2
111 1
112 1
113 1
114 1
115 1
116 1
117 2
118 1
119 2
120 2
121 1
122 1
123 1
124 1
125 1
126 2
127 2
128 2
129 1
130 1
131 1
132 2
133 2
134 1
135 2
136 1
137 2
138 2
139 1
140 1
141 2
142 2
143 1
144 2
145 2
146 2
147 1
148 2
149 2
150 1
151 2
152 1
153 2
154 1
155 1
156 1
157 2
158 2
159 2
160 2
161 1
162 2
163 1
164 2
165 2
166 1
167 2
168 1
169 1
170 2
171 2
172 1
173 1
174 1
175 1
176 1
177 2
178 1
179 1
180 2
181 1
182 2
183 1
184 1
185 2
186 2
187 1
188 1
189 1
190 1
191 2
192 1
193 1
194 2
195 2
196 2
197 1
198 1
199 2
200 1
