// obj: 286.0
// running_duration: 0.35120201110839844
// gap: 0.0
// obj_bound: 286.0
// time_limit: ('TIME_LIMIT', <class 'float'>, 3600.0, 0.0, inf, inf)
// num_nodes: 100
1 1
2 1
3 2
4 2
5 2
6 1
7 1
8 1
9 1
10 2
11 1
12 2
13 1
14 2
15 2
16 2
17 2
18 1
19 1
20 2
21 2
22 2
23 2
24 1
25 1
26 2
27 1
28 2
29 2
30 1
31 2
32 2
33 2
34 2
35 1
36 1
37 2
38 2
39 1
40 2
41 2
42 2
43 1
44 1
45 2
46 2
47 1
48 1
49 2
50 2
51 2
52 2
53 1
54 1
55 2
56 1
57 1
58 2
59 2
60 1
61 2
62 1
63 2
64 2
65 1
66 1
67 1
68 1
69 1
70 1
71 1
72 2
73 2
74 1
75 1
76 2
77 2
78 2
79 2
80 2
81 2
82 2
83 2
84 1
85 1
86 2
87 2
88 1
89 2
90 1
91 1
92 1
93 2
94 1
95 2
96 2
97 1
98 2
99 2
100 1
