// obj: 1171.0
// running_duration: 3600.0898418426514
// gap: 0.005123825789923143
// obj_bound: 1177.0
// time_limit: ('TIME_LIMIT', <class 'float'>, 3600.0, 0.0, inf, inf)
// num_nodes: 400
1 2
2 1
3 1
4 1
5 2
6 2
7 1
8 1
9 1
10 2
11 2
12 2
13 1
14 1
15 1
16 1
17 2
18 2
19 2
20 2
21 2
22 2
23 1
24 1
25 2
26 2
27 1
28 1
29 1
30 2
31 1
32 1
33 2
34 2
35 1
36 2
37 1
38 2
39 1
40 1
41 2
42 1
43 2
44 2
45 1
46 2
47 2
48 1
49 2
50 2
51 2
52 2
53 2
54 2
55 1
56 2
57 1
58 2
59 2
60 1
61 1
62 1
63 1
64 1
65 2
66 2
67 2
68 2
69 1
70 1
71 1
72 2
73 1
74 1
75 1
76 2
77 2
78 1
79 2
80 2
81 1
82 2
83 2
84 2
85 2
86 1
87 2
88 2
89 1
90 2
91 1
92 2
93 1
94 1
95 2
96 1
97 1
98 2
99 1
100 1
101 1
102 1
103 1
104 1
105 2
106 2
107 2
108 2
109 2
110 2
111 1
112 2
113 1
114 1
115 2
116 1
117 1
118 1
119 1
120 2
121 2
122 1
123 2
124 2
125 2
126 1
127 2
128 2
129 2
130 1
131 2
132 2
133 1
134 2
135 1
136 1
137 2
138 2
139 2
140 2
141 2
142 2
143 1
144 1
145 2
146 2
147 2
148 2
149 1
150 1
151 1
152 1
153 1
154 2
155 2
156 1
157 1
158 1
159 1
160 1
161 2
162 1
163 1
164 2
165 2
166 1
167 2
168 1
169 2
170 2
171 2
172 2
173 2
174 2
175 2
176 1
177 2
178 2
179 2
180 2
181 1
182 1
183 2
184 2
185 2
186 1
187 1
188 1
189 2
190 1
191 1
192 1
193 2
194 2
195 1
196 2
197 1
198 1
199 1
200 1
201 1
202 1
203 1
204 2
205 2
206 2
207 2
208 2
209 2
210 1
211 1
212 1
213 1
214 1
215 1
216 2
217 2
218 1
219 2
220 2
221 1
222 2
223 2
224 1
225 1
226 1
227 1
228 1
229 1
230 2
231 1
232 2
233 1
234 2
235 1
236 2
237 1
238 1
239 1
240 2
241 1
242 1
243 1
244 1
245 2
246 2
247 2
248 1
249 1
250 2
251 1
252 2
253 1
254 1
255 1
256 1
257 1
258 2
259 1
260 2
261 2
262 2
263 2
264 2
265 2
266 2
267 2
268 1
269 2
270 2
271 1
272 2
273 2
274 2
275 2
276 1
277 2
278 2
279 1
280 2
281 1
282 1
283 1
284 1
285 2
286 1
287 2
288 2
289 1
290 2
291 1
292 2
293 2
294 1
295 2
296 1
297 2
298 1
299 2
300 1
301 1
302 2
303 2
304 2
305 2
306 2
307 2
308 2
309 1
310 1
311 1
312 1
313 2
314 1
315 2
316 1
317 1
318 2
319 2
320 1
321 1
322 2
323 1
324 2
325 2
326 2
327 1
328 2
329 2
330 1
331 1
332 2
333 2
334 1
335 1
336 1
337 2
338 2
339 1
340 2
341 1
342 1
343 1
344 1
345 2
346 2
347 1
348 2
349 1
350 1
351 2
352 1
353 2
354 1
355 1
356 1
357 1
358 1
359 1
360 1
361 2
362 2
363 2
364 2
365 1
366 1
367 1
368 1
369 1
370 2
371 1
372 1
373 2
374 1
375 1
376 1
377 1
378 2
379 2
380 2
381 1
382 1
383 2
384 1
385 2
386 2
387 1
388 2
389 1
390 1
391 1
392 2
393 2
394 1
395 1
396 2
397 2
398 1
399 2
400 1
