// obj: 578.0
// running_duration: 52.20158386230469
// gap: 0.0
// obj_bound: 578.0
// time_limit: ('TIME_LIMIT', <class 'float'>, 3600.0, 0.0, inf, inf)
// num_nodes: 200
1 1
2 1
3 1
4 1
5 2
6 2
7 2
8 2
9 1
10 1
11 1
12 1
13 1
14 2
15 2
16 1
17 2
18 2
19 2
20 1
21 1
22 1
23 2
24 2
25 1
26 1
27 1
28 2
29 2
30 2
31 2
32 2
33 2
34 2
35 2
36 2
37 2
38 2
39 1
40 2
41 1
42 2
43 2
44 2
45 2
46 2
47 1
48 2
49 1
50 1
51 2
52 1
53 2
54 1
55 2
56 2
57 1
58 1
59 2
60 1
61 2
62 1
63 2
64 1
65 1
66 2
67 2
68 2
69 2
70 1
71 1
72 1
73 1
74 2
75 1
76 1
77 2
78 2
79 1
80 1
81 1
82 1
83 2
84 2
85 2
86 1
87 1
88 1
89 2
90 2
91 2
92 1
93 2
94 1
95 2
96 1
97 2
98 1
99 1
100 1
101 1
102 2
103 2
104 2
105 2
106 1
107 1
108 2
109 2
110 1
111 2
112 2
113 1
114 1
115 2
116 1
117 1
118 2
119 2
120 2
121 1
122 1
123 2
124 1
125 2
126 2
127 1
128 2
129 1
130 2
131 2
132 1
133 2
134 1
135 1
136 2
137 1
138 2
139 1
140 2
141 2
142 2
143 2
144 2
145 2
146 2
147 1
148 2
149 1
150 2
151 1
152 1
153 1
154 2
155 2
156 2
157 1
158 2
159 2
160 2
161 2
162 1
163 1
164 1
165 1
166 2
167 2
168 1
169 2
170 2
171 1
172 1
173 1
174 1
175 1
176 1
177 1
178 2
179 1
180 1
181 2
182 1
183 2
184 2
185 2
186 1
187 2
188 2
189 1
190 1
191 2
192 2
193 2
194 2
195 1
196 1
197 2
198 1
199 1
200 2
