// obj: 877.0
// running_duration: 889.1373631954193
// gap: 0.0
// obj_bound: 877.0
// time_limit: ('TIME_LIMIT', <class 'float'>, 3600.0, 0.0, inf, inf)
// num_nodes: 300
1 2
2 2
3 1
4 2
5 1
6 1
7 2
8 2
9 1
10 2
11 2
12 2
13 1
14 1
15 2
16 2
17 2
18 1
19 1
20 2
21 2
22 2
23 2
24 2
25 1
26 2
27 1
28 1
29 1
30 1
31 2
32 1
33 1
34 2
35 2
36 2
37 2
38 2
39 2
40 1
41 2
42 2
43 2
44 2
45 1
46 1
47 1
48 1
49 2
50 1
51 1
52 2
53 2
54 1
55 1
56 1
57 2
58 1
59 1
60 2
61 1
62 1
63 2
64 1
65 2
66 1
67 2
68 2
69 1
70 2
71 2
72 1
73 1
74 2
75 1
76 1
77 1
78 1
79 2
80 1
81 2
82 1
83 1
84 1
85 1
86 2
87 1
88 1
89 1
90 2
91 2
92 1
93 2
94 2
95 2
96 2
97 2
98 1
99 2
100 1
101 1
102 2
103 1
104 1
105 2
106 2
107 1
108 1
109 1
110 1
111 2
112 2
113 1
114 1
115 1
116 1
117 1
118 2
119 1
120 2
121 1
122 2
123 2
124 1
125 1
126 2
127 1
128 2
129 1
130 1
131 2
132 1
133 2
134 1
135 1
136 1
137 1
138 2
139 2
140 1
141 1
142 2
143 2
144 1
145 1
146 2
147 1
148 2
149 2
150 1
151 2
152 1
153 2
154 2
155 1
156 1
157 1
158 2
159 1
160 1
161 1
162 2
163 1
164 1
165 2
166 1
167 2
168 2
169 1
170 2
171 2
172 2
173 2
174 2
175 1
176 1
177 2
178 1
179 2
180 1
181 1
182 1
183 2
184 2
185 2
186 1
187 2
188 1
189 2
190 2
191 1
192 1
193 1
194 1
195 1
196 1
197 2
198 2
199 2
200 2
201 2
202 2
203 2
204 2
205 1
206 1
207 1
208 1
209 1
210 2
211 1
212 1
213 1
214 1
215 1
216 1
217 1
218 2
219 2
220 2
221 1
222 2
223 1
224 2
225 2
226 1
227 1
228 1
229 1
230 1
231 1
232 1
233 1
234 2
235 2
236 1
237 1
238 1
239 2
240 2
241 1
242 2
243 2
244 2
245 2
246 2
247 1
248 1
249 1
250 1
251 1
252 1
253 2
254 1
255 1
256 2
257 2
258 1
259 1
260 1
261 2
262 1
263 1
264 1
265 2
266 1
267 1
268 1
269 2
270 2
271 1
272 1
273 2
274 2
275 2
276 1
277 2
278 2
279 1
280 1
281 1
282 1
283 1
284 1
285 1
286 2
287 1
288 2
289 2
290 1
291 2
292 2
293 1
294 2
295 1
296 1
297 1
298 1
299 1
300 2
