// obj: 1171.0
// running_duration: 3600.0548310279846
// gap: 0.011955593509820665
// obj_bound: 1185.0
// time_limit: ('TIME_LIMIT', <class 'float'>, 3600.0, 0.0, inf, inf)
// num_nodes: 400
1 1
2 1
3 1
4 2
5 2
6 1
7 1
8 2
9 2
10 1
11 2
12 1
13 1
14 2
15 2
16 1
17 2
18 2
19 1
20 1
21 1
22 2
23 1
24 2
25 2
26 2
27 1
28 2
29 1
30 2
31 1
32 1
33 2
34 1
35 2
36 2
37 1
38 2
39 1
40 1
41 1
42 1
43 2
44 2
45 2
46 2
47 2
48 2
49 1
50 2
51 1
52 1
53 2
54 1
55 2
56 1
57 2
58 2
59 2
60 1
61 2
62 1
63 1
64 2
65 1
66 2
67 2
68 2
69 2
70 1
71 1
72 2
73 2
74 1
75 2
76 2
77 2
78 1
79 1
80 1
81 1
82 2
83 1
84 1
85 1
86 2
87 2
88 2
89 1
90 1
91 1
92 2
93 2
94 2
95 1
96 1
97 2
98 2
99 1
100 2
101 2
102 2
103 1
104 1
105 1
106 2
107 1
108 1
109 2
110 2
111 1
112 2
113 2
114 1
115 1
116 1
117 1
118 2
119 1
120 2
121 1
122 2
123 2
124 1
125 1
126 2
127 2
128 2
129 2
130 2
131 2
132 1
133 2
134 1
135 1
136 1
137 1
138 2
139 2
140 2
141 1
142 2
143 2
144 1
145 1
146 2
147 1
148 2
149 2
150 1
151 2
152 2
153 1
154 2
155 2
156 2
157 1
158 2
159 2
160 2
161 2
162 1
163 2
164 1
165 1
166 1
167 2
168 1
169 1
170 1
171 2
172 2
173 1
174 1
175 1
176 2
177 1
178 2
179 1
180 2
181 2
182 1
183 2
184 1
185 2
186 2
187 2
188 2
189 2
190 2
191 1
192 2
193 1
194 1
195 1
196 2
197 2
198 2
199 1
200 2
201 1
202 2
203 1
204 2
205 1
206 2
207 2
208 1
209 2
210 2
211 1
212 2
213 1
214 1
215 1
216 1
217 1
218 2
219 2
220 2
221 2
222 2
223 2
224 1
225 1
226 2
227 2
228 2
229 2
230 1
231 2
232 2
233 1
234 1
235 2
236 2
237 2
238 1
239 2
240 1
241 2
242 2
243 2
244 1
245 2
246 2
247 1
248 1
249 2
250 1
251 1
252 2
253 1
254 2
255 1
256 2
257 2
258 1
259 2
260 1
261 2
262 1
263 1
264 2
265 1
266 2
267 1
268 2
269 2
270 1
271 1
272 2
273 1
274 2
275 2
276 1
277 1
278 1
279 2
280 2
281 1
282 1
283 2
284 2
285 1
286 1
287 2
288 2
289 1
290 1
291 2
292 2
293 1
294 2
295 2
296 2
297 1
298 1
299 1
300 2
301 1
302 2
303 1
304 2
305 2
306 2
307 1
308 2
309 2
310 2
311 1
312 1
313 2
314 1
315 1
316 2
317 1
318 1
319 2
320 2
321 2
322 1
323 2
324 1
325 2
326 2
327 1
328 1
329 1
330 2
331 1
332 1
333 2
334 2
335 1
336 1
337 2
338 1
339 1
340 1
341 2
342 2
343 2
344 2
345 1
346 2
347 1
348 2
349 1
350 1
351 2
352 2
353 2
354 1
355 1
356 2
357 1
358 1
359 1
360 2
361 1
362 2
363 2
364 2
365 1
366 2
367 1
368 2
369 1
370 2
371 1
372 1
373 1
374 1
375 1
376 1
377 1
378 1
379 2
380 1
381 1
382 1
383 1
384 1
385 2
386 2
387 1
388 1
389 1
390 1
391 2
392 1
393 1
394 2
395 1
396 2
397 1
398 1
399 1
400 2
