// obj: 879.0
// running_duration: 868.5530691146851
// gap: 0.0
// obj_bound: 879.0
// time_limit: ('TIME_LIMIT', <class 'float'>, 3600.0, 0.0, inf, inf)
// num_nodes: 300
1 2
2 2
3 2
4 1
5 1
6 2
7 2
8 1
9 2
10 1
11 2
12 2
13 1
14 1
15 2
16 2
17 2
18 2
19 2
20 1
21 2
22 2
23 2
24 1
25 2
26 1
27 1
28 2
29 1
30 2
31 2
32 1
33 2
34 1
35 1
36 1
37 1
38 2
39 1
40 1
41 2
42 1
43 2
44 1
45 2
46 2
47 1
48 1
49 2
50 1
51 2
52 2
53 1
54 2
55 1
56 2
57 1
58 1
59 2
60 1
61 1
62 2
63 1
64 2
65 1
66 2
67 2
68 2
69 2
70 2
71 2
72 1
73 2
74 1
75 1
76 2
77 2
78 2
79 2
80 2
81 2
82 2
83 2
84 1
85 2
86 1
87 1
88 1
89 2
90 2
91 1
92 1
93 2
94 1
95 2
96 2
97 1
98 1
99 1
100 1
101 1
102 2
103 1
104 2
105 2
106 1
107 2
108 1
109 1
110 1
111 1
112 1
113 1
114 1
115 2
116 2
117 2
118 1
119 2
120 1
121 1
122 1
123 2
124 2
125 1
126 1
127 1
128 1
129 1
130 1
131 1
132 2
133 2
134 1
135 2
136 1
137 1
138 2
139 1
140 1
141 2
142 1
143 1
144 2
145 2
146 1
147 2
148 2
149 2
150 2
151 2
152 1
153 1
154 1
155 2
156 1
157 1
158 2
159 2
160 1
161 2
162 1
163 1
164 1
165 1
166 2
167 2
168 1
169 1
170 1
171 2
172 2
173 2
174 1
175 1
176 1
177 1
178 1
179 1
180 2
181 1
182 1
183 2
184 1
185 2
186 2
187 1
188 1
189 2
190 2
191 1
192 1
193 2
194 2
195 1
196 2
197 2
198 1
199 2
200 1
201 1
202 1
203 1
204 1
205 2
206 1
207 1
208 1
209 2
210 2
211 2
212 1
213 2
214 1
215 2
216 1
217 1
218 1
219 1
220 1
221 1
222 1
223 1
224 1
225 1
226 2
227 2
228 2
229 1
230 2
231 1
232 1
233 2
234 1
235 2
236 1
237 2
238 2
239 1
240 2
241 1
242 2
243 1
244 1
245 1
246 1
247 2
248 1
249 1
250 1
251 1
252 1
253 1
254 2
255 1
256 1
257 2
258 1
259 1
260 2
261 2
262 1
263 2
264 1
265 2
266 2
267 1
268 1
269 1
270 1
271 1
272 1
273 1
274 1
275 1
276 1
277 2
278 1
279 1
280 2
281 2
282 1
283 1
284 2
285 2
286 2
287 1
288 1
289 2
290 1
291 1
292 1
293 1
294 1
295 2
296 2
297 1
298 1
299 1
300 2
