// obj: 577.0
// running_duration: 67.57846593856812
// gap: 0.0
// obj_bound: 577.0
// time_limit: ('TIME_LIMIT', <class 'float'>, 3600.0, 0.0, inf, inf)
// num_nodes: 200
1 2
2 2
3 2
4 2
5 1
6 1
7 1
8 2
9 1
10 1
11 2
12 1
13 1
14 2
15 2
16 2
17 1
18 1
19 2
20 1
21 1
22 1
23 2
24 1
25 1
26 1
27 1
28 2
29 2
30 1
31 1
32 2
33 1
34 1
35 1
36 1
37 2
38 1
39 1
40 1
41 2
42 1
43 1
44 1
45 2
46 2
47 2
48 1
49 1
50 1
51 1
52 1
53 2
54 1
55 1
56 2
57 2
58 2
59 1
60 2
61 2
62 2
63 1
64 2
65 1
66 1
67 2
68 2
69 1
70 2
71 1
72 2
73 1
74 1
75 1
76 2
77 1
78 1
79 1
80 2
81 2
82 1
83 2
84 1
85 2
86 2
87 2
88 2
89 2
90 2
91 1
92 2
93 2
94 1
95 2
96 2
97 1
98 2
99 1
100 1
101 2
102 1
103 1
104 2
105 2
106 1
107 2
108 2
109 1
110 2
111 1
112 2
113 2
114 2
115 1
116 1
117 2
118 1
119 2
120 1
121 2
122 2
123 1
124 2
125 1
126 2
127 1
128 1
129 2
130 2
131 1
132 2
133 1
134 1
135 2
136 1
137 1
138 2
139 1
140 2
141 1
142 2
143 2
144 2
145 2
146 2
147 2
148 1
149 1
150 2
151 2
152 1
153 2
154 2
155 1
156 2
157 2
158 2
159 1
160 2
161 1
162 2
163 1
164 2
165 1
166 1
167 1
168 1
169 2
170 2
171 1
172 2
173 2
174 1
175 2
176 1
177 2
178 1
179 1
180 2
181 1
182 2
183 1
184 2
185 1
186 1
187 1
188 2
189 2
190 2
191 2
192 2
193 1
194 2
195 2
196 1
197 1
198 1
199 2
200 2
