// obj: 1462.0
// running_duration: 3600.1997900009155
// gap: 0.05813953488372093
// obj_bound: 1547.0
// time_limit: ('TIME_LIMIT', <class 'float'>, 3600.0, 0.0, inf, inf)
// num_nodes: 500
1 2
2 2
3 1
4 1
5 1
6 2
7 1
8 1
9 2
10 1
11 2
12 1
13 2
14 2
15 1
16 1
17 2
18 2
19 2
20 1
21 2
22 2
23 1
24 2
25 2
26 2
27 1
28 1
29 2
30 2
31 2
32 2
33 1
34 2
35 2
36 1
37 2
38 2
39 2
40 2
41 2
42 1
43 2
44 2
45 2
46 1
47 2
48 1
49 2
50 2
51 2
52 2
53 2
54 1
55 2
56 1
57 1
58 1
59 1
60 1
61 2
62 2
63 1
64 2
65 1
66 2
67 1
68 1
69 1
70 2
71 1
72 2
73 1
74 1
75 2
76 1
77 2
78 2
79 1
80 2
81 2
82 2
83 2
84 1
85 2
86 2
87 1
88 2
89 1
90 2
91 1
92 1
93 1
94 1
95 2
96 1
97 2
98 2
99 2
100 2
101 1
102 2
103 2
104 2
105 1
106 1
107 1
108 1
109 2
110 2
111 2
112 1
113 1
114 2
115 1
116 2
117 2
118 1
119 2
120 2
121 1
122 2
123 1
124 2
125 2
126 2
127 1
128 2
129 1
130 1
131 1
132 1
133 2
134 1
135 1
136 1
137 1
138 1
139 1
140 1
141 1
142 1
143 1
144 2
145 2
146 2
147 1
148 2
149 1
150 1
151 1
152 1
153 1
154 2
155 2
156 2
157 2
158 1
159 1
160 2
161 2
162 1
163 2
164 2
165 1
166 1
167 1
168 1
169 1
170 2
171 1
172 2
173 2
174 2
175 2
176 1
177 1
178 1
179 1
180 1
181 1
182 2
183 1
184 1
185 1
186 1
187 2
188 2
189 2
190 1
191 1
192 1
193 2
194 2
195 1
196 2
197 1
198 2
199 1
200 2
201 2
202 1
203 1
204 1
205 2
206 1
207 2
208 2
209 1
210 1
211 1
212 2
213 1
214 1
215 1
216 1
217 1
218 2
219 2
220 1
221 2
222 2
223 2
224 2
225 1
226 1
227 2
228 1
229 1
230 1
231 1
232 2
233 2
234 1
235 1
236 2
237 2
238 1
239 2
240 2
241 1
242 1
243 2
244 1
245 2
246 2
247 1
248 1
249 2
250 1
251 2
252 1
253 1
254 2
255 2
256 1
257 1
258 2
259 1
260 1
261 2
262 2
263 1
264 1
265 2
266 2
267 2
268 1
269 1
270 1
271 2
272 2
273 1
274 1
275 2
276 1
277 2
278 2
279 2
280 1
281 2
282 1
283 1
284 2
285 1
286 1
287 1
288 2
289 2
290 1
291 1
292 1
293 2
294 1
295 1
296 2
297 2
298 2
299 2
300 1
301 2
302 2
303 2
304 2
305 1
306 2
307 1
308 1
309 1
310 1
311 2
312 1
313 2
314 1
315 2
316 1
317 1
318 2
319 1
320 1
321 2
322 1
323 2
324 1
325 2
326 1
327 1
328 1
329 2
330 1
331 1
332 1
333 2
334 1
335 1
336 2
337 2
338 1
339 2
340 2
341 1
342 2
343 1
344 1
345 1
346 2
347 2
348 1
349 1
350 2
351 2
352 1
353 2
354 2
355 2
356 1
357 2
358 1
359 1
360 1
361 2
362 1
363 1
364 1
365 2
366 1
367 1
368 1
369 2
370 2
371 2
372 1
373 2
374 1
375 2
376 2
377 1
378 1
379 2
380 1
381 1
382 2
383 1
384 2
385 1
386 2
387 1
388 1
389 1
390 2
391 1
392 2
393 1
394 1
395 2
396 2
397 2
398 1
399 2
400 2
401 2
402 1
403 2
404 1
405 1
406 1
407 1
408 1
409 2
410 2
411 2
412 1
413 2
414 1
415 1
416 1
417 2
418 1
419 2
420 2
421 1
422 2
423 1
424 1
425 1
426 2
427 2
428 2
429 1
430 2
431 1
432 2
433 2
434 1
435 2
436 1
437 2
438 1
439 2
440 2
441 2
442 2
443 1
444 1
445 1
446 1
447 2
448 2
449 1
450 1
451 2
452 1
453 2
454 2
455 2
456 1
457 1
458 1
459 2
460 1
461 2
462 1
463 1
464 2
465 2
466 1
467 1
468 1
469 1
470 1
471 2
472 1
473 1
474 1
475 2
476 1
477 1
478 1
479 1
480 2
481 1
482 1
483 1
484 2
485 2
486 1
487 1
488 2
489 2
490 2
491 2
492 1
493 2
494 1
495 2
496 1
497 2
498 1
499 1
500 2
