// obj: 1474.0
// running_duration: 3600.1518120765686
// gap: 0.03731343283582089
// obj_bound: 1529.0
// time_limit: ('TIME_LIMIT', <class 'float'>, 3600.0, 0.0, inf, inf)
// num_nodes: 500
1 2
2 2
3 2
4 2
5 1
6 2
7 1
8 1
9 1
10 1
11 2
12 2
13 1
14 1
15 1
16 1
17 1
18 2
19 2
20 2
21 1
22 1
23 2
24 2
25 1
26 2
27 2
28 1
29 1
30 1
31 1
32 1
33 2
34 1
35 2
36 2
37 1
38 2
39 2
40 1
41 1
42 2
43 1
44 1
45 2
46 2
47 1
48 1
49 1
50 1
51 1
52 1
53 2
54 2
55 2
56 2
57 2
58 2
59 2
60 2
61 2
62 2
63 2
64 2
65 2
66 2
67 1
68 2
69 2
70 1
71 2
72 2
73 2
74 1
75 1
76 1
77 1
78 1
79 1
80 1
81 2
82 2
83 1
84 1
85 1
86 2
87 2
88 2
89 2
90 1
91 2
92 2
93 1
94 1
95 2
96 2
97 2
98 2
99 2
100 1
101 1
102 1
103 2
104 2
105 1
106 2
107 1
108 2
109 1
110 2
111 2
112 2
113 1
114 1
115 1
116 1
117 1
118 1
119 2
120 2
121 2
122 2
123 1
124 2
125 1
126 2
127 2
128 1
129 2
130 1
131 1
132 2
133 2
134 1
135 2
136 2
137 1
138 1
139 1
140 2
141 1
142 1
143 2
144 1
145 1
146 2
147 1
148 1
149 1
150 2
151 1
152 2
153 1
154 2
155 1
156 1
157 1
158 1
159 1
160 2
161 1
162 2
163 1
164 2
165 1
166 2
167 2
168 1
169 2
170 2
171 1
172 1
173 1
174 1
175 1
176 2
177 2
178 1
179 2
180 2
181 2
182 2
183 2
184 1
185 1
186 2
187 2
188 2
189 2
190 1
191 2
192 2
193 2
194 2
195 2
196 1
197 1
198 2
199 1
200 2
201 1
202 2
203 2
204 2
205 2
206 1
207 1
208 1
209 1
210 1
211 2
212 2
213 1
214 1
215 1
216 1
217 2
218 1
219 1
220 2
221 1
222 2
223 2
224 2
225 2
226 1
227 1
228 1
229 1
230 1
231 1
232 1
233 1
234 2
235 2
236 1
237 2
238 1
239 2
240 1
241 2
242 1
243 2
244 2
245 2
246 1
247 1
248 2
249 2
250 2
251 2
252 2
253 2
254 1
255 1
256 2
257 1
258 1
259 1
260 2
261 1
262 2
263 2
264 2
265 2
266 1
267 1
268 2
269 1
270 1
271 2
272 2
273 1
274 1
275 1
276 2
277 1
278 2
279 1
280 1
281 2
282 1
283 1
284 2
285 2
286 1
287 1
288 1
289 1
290 2
291 1
292 2
293 2
294 1
295 1
296 2
297 1
298 2
299 1
300 2
301 2
302 2
303 2
304 1
305 2
306 1
307 1
308 1
309 2
310 2
311 2
312 1
313 1
314 2
315 2
316 2
317 1
318 2
319 1
320 1
321 2
322 1
323 2
324 2
325 1
326 2
327 2
328 2
329 2
330 1
331 2
332 1
333 2
334 1
335 2
336 1
337 2
338 1
339 2
340 1
341 1
342 1
343 1
344 2
345 2
346 2
347 2
348 1
349 1
350 2
351 1
352 1
353 1
354 2
355 2
356 2
357 2
358 1
359 1
360 1
361 2
362 2
363 2
364 1
365 1
366 1
367 1
368 2
369 2
370 1
371 1
372 2
373 2
374 2
375 2
376 2
377 2
378 1
379 1
380 1
381 1
382 1
383 1
384 2
385 1
386 1
387 2
388 1
389 2
390 1
391 2
392 1
393 2
394 1
395 2
396 1
397 1
398 2
399 1
400 1
401 1
402 2
403 1
404 1
405 1
406 2
407 2
408 1
409 2
410 1
411 1
412 2
413 2
414 1
415 2
416 2
417 1
418 1
419 1
420 1
421 2
422 1
423 1
424 1
425 1
426 1
427 1
428 1
429 1
430 2
431 2
432 1
433 1
434 2
435 2
436 2
437 2
438 1
439 1
440 2
441 2
442 2
443 1
444 2
445 1
446 1
447 1
448 1
449 1
450 2
451 1
452 1
453 1
454 2
455 2
456 1
457 1
458 2
459 2
460 2
461 2
462 1
463 2
464 2
465 1
466 2
467 1
468 2
469 1
470 2
471 1
472 1
473 1
474 1
475 2
476 2
477 1
478 1
479 1
480 2
481 2
482 2
483 2
484 1
485 1
486 1
487 1
488 1
489 1
490 2
491 1
492 2
493 2
494 1
495 1
496 1
497 1
498 1
499 2
500 1
