// obj: 285.0
// running_duration: 0.44293785095214844
// gap: 0.0
// obj_bound: 285.0
// time_limit: ('TIME_LIMIT', <class 'float'>, 3600.0, 0.0, inf, inf)
// num_nodes: 100
1 1
2 1
3 2
4 2
5 2
6 1
7 1
8 1
9 2
10 1
11 1
12 2
13 1
14 2
15 2
16 2
17 2
18 2
19 1
20 2
21 2
22 1
23 1
24 1
25 1
26 2
27 2
28 1
29 1
30 2
31 2
32 1
33 2
34 1
35 1
36 2
37 1
38 1
39 2
40 1
41 1
42 1
43 1
44 1
45 1
46 1
47 2
48 1
49 2
50 2
51 2
52 1
53 1
54 1
55 2
56 2
57 2
58 2
59 2
60 2
61 2
62 1
63 2
64 1
65 1
66 2
67 2
68 1
69 2
70 1
71 2
72 2
73 1
74 2
75 1
76 1
77 2
78 2
79 1
80 1
81 2
82 1
83 2
84 2
85 2
86 2
87 1
88 1
89 2
90 2
91 2
92 2
93 1
94 2
95 2
96 2
97 1
98 2
99 2
100 2
