// obj: 579.0
// running_duration: 20.821808099746704
// gap: 0.0
// obj_bound: 579.0
// time_limit: ('TIME_LIMIT', <class 'float'>, 3600.0, 0.0, inf, inf)
// num_nodes: 200
1 1
2 2
3 1
4 2
5 2
6 1
7 2
8 1
9 1
10 2
11 1
12 2
13 1
14 2
15 1
16 1
17 1
18 2
19 2
20 2
21 2
22 1
23 1
24 2
25 1
26 2
27 2
28 2
29 1
30 1
31 2
32 2
33 2
34 2
35 1
36 1
37 2
38 1
39 2
40 1
41 1
42 2
43 1
44 2
45 1
46 2
47 1
48 1
49 1
50 2
51 1
52 1
53 2
54 1
55 1
56 1
57 1
58 1
59 1
60 1
61 2
62 2
63 1
64 2
65 2
66 1
67 1
68 1
69 1
70 1
71 1
72 2
73 2
74 2
75 2
76 1
77 2
78 1
79 2
80 1
81 2
82 2
83 2
84 1
85 1
86 2
87 1
88 1
89 2
90 2
91 2
92 2
93 1
94 2
95 1
96 2
97 1
98 1
99 1
100 1
101 1
102 1
103 2
104 2
105 1
106 1
107 2
108 1
109 2
110 2
111 2
112 1
113 2
114 2
115 2
116 2
117 1
118 1
119 2
120 2
121 2
122 1
123 1
124 1
125 1
126 1
127 2
128 1
129 1
130 1
131 1
132 1
133 2
134 2
135 2
136 2
137 1
138 2
139 1
140 1
141 1
142 2
143 1
144 2
145 1
146 2
147 1
148 1
149 1
150 1
151 2
152 2
153 2
154 2
155 1
156 2
157 1
158 2
159 1
160 2
161 1
162 2
163 2
164 1
165 1
166 1
167 2
168 1
169 2
170 2
171 1
172 1
173 2
174 1
175 2
176 2
177 1
178 2
179 1
180 2
181 1
182 1
183 1
184 1
185 2
186 2
187 1
188 1
189 1
190 2
191 1
192 2
193 2
194 2
195 1
196 2
197 2
198 2
199 2
200 2
