// obj: 575.0
// running_duration: 108.35310006141663
// gap: 0.0
// obj_bound: 575.0
// time_limit: ('TIME_LIMIT', <class 'float'>, 3600.0, 0.0, inf, inf)
// num_nodes: 200
1 2
2 2
3 2
4 2
5 1
6 2
7 1
8 1
9 2
10 2
11 1
12 1
13 1
14 1
15 2
16 2
17 2
18 1
19 1
20 2
21 1
22 2
23 2
24 2
25 1
26 1
27 2
28 2
29 2
30 2
31 1
32 2
33 1
34 1
35 1
36 2
37 1
38 1
39 2
40 2
41 1
42 1
43 2
44 1
45 2
46 1
47 2
48 2
49 2
50 1
51 1
52 1
53 2
54 1
55 1
56 2
57 2
58 1
59 1
60 2
61 2
62 1
63 2
64 2
65 1
66 1
67 1
68 2
69 1
70 1
71 2
72 1
73 1
74 1
75 2
76 2
77 2
78 1
79 1
80 2
81 1
82 1
83 1
84 2
85 2
86 1
87 1
88 1
89 1
90 1
91 2
92 2
93 1
94 1
95 1
96 2
97 1
98 1
99 1
100 2
101 2
102 2
103 2
104 1
105 1
106 1
107 1
108 2
109 1
110 2
111 1
112 2
113 1
114 1
115 2
116 1
117 2
118 1
119 1
120 1
121 2
122 2
123 2
124 2
125 1
126 2
127 2
128 2
129 1
130 2
131 2
132 1
133 1
134 2
135 2
136 2
137 1
138 2
139 2
140 2
141 1
142 2
143 2
144 1
145 2
146 1
147 1
148 1
149 1
150 1
151 2
152 2
153 1
154 2
155 2
156 2
157 2
158 2
159 2
160 2
161 1
162 2
163 2
164 1
165 2
166 2
167 1
168 1
169 1
170 1
171 2
172 1
173 1
174 2
175 1
176 1
177 2
178 1
179 2
180 1
181 2
182 2
183 2
184 2
185 1
186 1
187 1
188 2
189 1
190 1
191 1
192 1
193 1
194 2
195 2
196 1
197 2
198 1
199 1
200 2
