// obj: 580.0
// running_duration: 40.280067920684814
// gap: 0.0
// obj_bound: 580.0
// time_limit: ('TIME_LIMIT', <class 'float'>, 3600.0, 0.0, inf, inf)
// num_nodes: 200
1 1
2 1
3 2
4 2
5 2
6 1
7 2
8 1
9 1
10 2
11 2
12 1
13 2
14 2
15 1
16 1
17 1
18 1
19 2
20 2
21 1
22 1
23 2
24 2
25 1
26 2
27 2
28 1
29 2
30 1
31 2
32 1
33 2
34 1
35 2
36 1
37 2
38 2
39 2
40 1
41 1
42 2
43 1
44 2
45 2
46 2
47 1
48 2
49 1
50 2
51 1
52 1
53 1
54 2
55 2
56 2
57 1
58 2
59 1
60 1
61 2
62 1
63 1
64 1
65 2
66 2
67 1
68 1
69 1
70 1
71 2
72 2
73 2
74 1
75 1
76 1
77 1
78 1
79 2
80 1
81 2
82 1
83 2
84 2
85 2
86 2
87 1
88 2
89 1
90 2
91 1
92 1
93 2
94 1
95 2
96 2
97 2
98 2
99 1
100 2
101 2
102 2
103 1
104 2
105 1
106 1
107 2
108 2
109 1
110 2
111 1
112 1
113 1
114 2
115 1
116 1
117 1
118 1
119 1
120 1
121 1
122 1
123 2
124 2
125 1
126 2
127 1
128 1
129 1
130 2
131 1
132 1
133 2
134 2
135 1
136 1
137 1
138 1
139 2
140 1
141 2
142 1
143 1
144 1
145 1
146 2
147 1
148 2
149 2
150 1
151 1
152 1
153 1
154 1
155 1
156 1
157 2
158 1
159 1
160 1
161 2
162 2
163 2
164 1
165 1
166 1
167 2
168 2
169 2
170 2
171 1
172 2
173 2
174 1
175 1
176 2
177 1
178 1
179 2
180 1
181 2
182 2
183 2
184 1
185 1
186 2
187 2
188 2
189 2
190 2
191 2
192 2
193 1
194 1
195 1
196 1
197 2
198 2
199 1
200 2
