// obj: 1474.0
// running_duration: 3600.033569097519
// gap: 0.023744911804613297
// obj_bound: 1509.0
// time_limit: ('TIME_LIMIT', <class 'float'>, 3600.0, 0.0, inf, inf)
// num_nodes: 500
1 2
2 2
3 1
4 2
5 1
6 1
7 1
8 2
9 2
10 1
11 1
12 1
13 2
14 1
15 2
16 2
17 2
18 1
19 2
20 2
21 1
22 1
23 1
24 1
25 1
26 1
27 1
28 2
29 2
30 1
31 1
32 1
33 2
34 1
35 2
36 2
37 2
38 1
39 2
40 2
41 1
42 1
43 1
44 1
45 1
46 2
47 2
48 2
49 1
50 1
51 2
52 1
53 1
54 1
55 2
56 2
57 1
58 2
59 2
60 2
61 1
62 1
63 1
64 2
65 2
66 1
67 2
68 1
69 1
70 2
71 2
72 2
73 2
74 2
75 2
76 2
77 1
78 1
79 1
80 1
81 2
82 2
83 2
84 1
85 1
86 2
87 2
88 1
89 2
90 1
91 2
92 1
93 1
94 2
95 2
96 1
97 1
98 1
99 2
100 2
101 1
102 2
103 2
104 2
105 2
106 2
107 2
108 1
109 2
110 1
111 2
112 1
113 1
114 2
115 1
116 1
117 2
118 1
119 2
120 1
121 1
122 2
123 1
124 2
125 1
126 1
127 1
128 2
129 1
130 2
131 2
132 2
133 2
134 2
135 2
136 2
137 1
138 2
139 1
140 1
141 2
142 2
143 2
144 1
145 1
146 1
147 2
148 1
149 1
150 2
151 1
152 2
153 2
154 2
155 1
156 2
157 1
158 2
159 1
160 2
161 2
162 1
163 1
164 2
165 1
166 1
167 2
168 1
169 2
170 1
171 1
172 2
173 2
174 2
175 2
176 1
177 1
178 2
179 2
180 1
181 1
182 2
183 1
184 1
185 2
186 2
187 1
188 1
189 2
190 2
191 2
192 2
193 1
194 2
195 2
196 1
197 1
198 1
199 1
200 2
201 2
202 2
203 1
204 1
205 1
206 1
207 2
208 2
209 2
210 2
211 2
212 1
213 2
214 2
215 2
216 1
217 2
218 1
219 2
220 1
221 2
222 1
223 1
224 2
225 2
226 2
227 2
228 2
229 2
230 1
231 2
232 1
233 1
234 1
235 1
236 1
237 2
238 2
239 2
240 1
241 1
242 2
243 2
244 2
245 2
246 1
247 2
248 1
249 1
250 2
251 2
252 2
253 2
254 1
255 1
256 2
257 1
258 1
259 1
260 2
261 2
262 1
263 2
264 2
265 2
266 2
267 2
268 1
269 1
270 1
271 2
272 2
273 2
274 1
275 2
276 1
277 1
278 2
279 1
280 2
281 2
282 1
283 1
284 1
285 2
286 2
287 1
288 1
289 2
290 2
291 2
292 1
293 2
294 2
295 1
296 1
297 1
298 1
299 2
300 2
301 2
302 2
303 1
304 1
305 2
306 2
307 1
308 1
309 1
310 1
311 2
312 1
313 1
314 2
315 2
316 2
317 1
318 1
319 2
320 2
321 1
322 2
323 2
324 1
325 1
326 1
327 1
328 2
329 1
330 2
331 2
332 2
333 1
334 1
335 1
336 1
337 2
338 2
339 1
340 1
341 1
342 2
343 1
344 2
345 1
346 2
347 1
348 2
349 2
350 2
351 2
352 1
353 2
354 1
355 2
356 1
357 2
358 2
359 1
360 1
361 2
362 1
363 1
364 1
365 1
366 2
367 2
368 1
369 2
370 1
371 2
372 2
373 2
374 1
375 2
376 2
377 1
378 2
379 1
380 1
381 1
382 1
383 1
384 1
385 2
386 1
387 2
388 1
389 1
390 1
391 1
392 1
393 1
394 2
395 1
396 2
397 1
398 2
399 2
400 2
401 2
402 2
403 1
404 2
405 1
406 2
407 1
408 2
409 1
410 1
411 1
412 1
413 1
414 2
415 1
416 2
417 2
418 2
419 1
420 2
421 1
422 2
423 2
424 2
425 2
426 2
427 1
428 2
429 1
430 1
431 1
432 1
433 2
434 2
435 1
436 1
437 2
438 1
439 1
440 1
441 2
442 1
443 2
444 2
445 2
446 2
447 1
448 2
449 1
450 1
451 2
452 2
453 1
454 1
455 1
456 1
457 1
458 1
459 2
460 1
461 2
462 2
463 1
464 1
465 1
466 1
467 1
468 1
469 2
470 2
471 2
472 2
473 2
474 1
475 2
476 1
477 1
478 1
479 1
480 1
481 2
482 1
483 1
484 1
485 2
486 2
487 2
488 1
489 1
490 1
491 1
492 2
493 2
494 2
495 2
496 1
497 1
498 1
499 1
500 2
