// obj: 1174.0
// running_duration: 3600.127259016037
// gap: 0.013628620102214651
// obj_bound: 1190.0
// time_limit: ('TIME_LIMIT', <class 'float'>, 3600.0, 0.0, inf, inf)
// num_nodes: 400
1 2
2 2
3 2
4 2
5 1
6 1
7 1
8 2
9 2
10 1
11 2
12 1
13 1
14 2
15 2
16 2
17 1
18 1
19 2
20 1
21 1
22 1
23 2
24 2
25 2
26 2
27 1
28 1
29 2
30 1
31 2
32 2
33 2
34 1
35 2
36 1
37 2
38 2
39 1
40 2
41 1
42 1
43 2
44 2
45 2
46 2
47 2
48 1
49 2
50 1
51 2
52 1
53 2
54 2
55 2
56 2
57 1
58 1
59 2
60 1
61 1
62 1
63 2
64 2
65 1
66 2
67 1
68 1
69 1
70 1
71 2
72 2
73 1
74 1
75 1
76 1
77 1
78 1
79 2
80 1
81 2
82 1
83 1
84 2
85 1
86 1
87 1
88 1
89 2
90 1
91 2
92 1
93 1
94 1
95 2
96 1
97 2
98 1
99 2
100 2
101 1
102 1
103 2
104 1
105 2
106 2
107 2
108 1
109 1
110 1
111 1
112 2
113 2
114 1
115 2
116 2
117 2
118 2
119 1
120 1
121 1
122 1
123 1
124 2
125 1
126 1
127 2
128 1
129 2
130 1
131 2
132 1
133 2
134 1
135 1
136 1
137 1
138 1
139 1
140 1
141 1
142 2
143 1
144 2
145 2
146 2
147 2
148 2
149 1
150 2
151 1
152 1
153 1
154 1
155 1
156 1
157 1
158 1
159 1
160 1
161 1
162 1
163 1
164 2
165 1
166 1
167 1
168 1
169 1
170 2
171 1
172 1
173 1
174 1
175 2
176 2
177 2
178 1
179 1
180 2
181 1
182 2
183 2
184 2
185 2
186 1
187 2
188 2
189 2
190 2
191 1
192 2
193 2
194 2
195 1
196 1
197 2
198 1
199 2
200 1
201 2
202 1
203 2
204 2
205 1
206 2
207 2
208 2
209 2
210 2
211 1
212 1
213 1
214 2
215 1
216 2
217 1
218 1
219 1
220 2
221 1
222 1
223 2
224 1
225 1
226 1
227 2
228 2
229 2
230 1
231 2
232 1
233 1
234 1
235 1
236 2
237 1
238 2
239 2
240 1
241 1
242 2
243 1
244 1
245 1
246 1
247 2
248 2
249 2
250 2
251 2
252 2
253 1
254 1
255 1
256 1
257 2
258 2
259 1
260 1
261 2
262 2
263 2
264 1
265 1
266 1
267 1
268 2
269 1
270 1
271 2
272 1
273 1
274 1
275 1
276 1
277 1
278 1
279 1
280 1
281 1
282 1
283 2
284 1
285 2
286 1
287 2
288 1
289 2
290 1
291 1
292 2
293 1
294 1
295 2
296 2
297 2
298 2
299 1
300 1
301 2
302 1
303 1
304 2
305 2
306 2
307 1
308 1
309 2
310 1
311 1
312 1
313 2
314 1
315 1
316 2
317 1
318 2
319 1
320 2
321 2
322 1
323 2
324 2
325 2
326 2
327 1
328 1
329 2
330 1
331 1
332 2
333 2
334 2
335 2
336 1
337 2
338 1
339 2
340 1
341 1
342 2
343 2
344 2
345 1
346 1
347 1
348 2
349 2
350 1
351 1
352 1
353 2
354 2
355 2
356 2
357 1
358 1
359 2
360 2
361 2
362 1
363 2
364 2
365 2
366 1
367 2
368 1
369 2
370 1
371 2
372 2
373 1
374 1
375 1
376 1
377 1
378 2
379 1
380 2
381 2
382 1
383 2
384 2
385 2
386 2
387 2
388 2
389 2
390 1
391 1
392 2
393 1
394 2
395 1
396 1
397 2
398 1
399 2
400 2
