// obj: 286.0
// running_duration: 0.4580998420715332
// gap: 0.0
// obj_bound: 286.0
// time_limit: ('TIME_LIMIT', <class 'float'>, 3600.0, 0.0, inf, inf)
// num_nodes: 100
1 1
2 2
3 2
4 2
5 1
6 1
7 2
8 1
9 1
10 1
11 1
12 2
13 2
14 1
15 2
16 1
17 2
18 1
19 1
20 1
21 2
22 2
23 2
24 1
25 1
26 1
27 2
28 2
29 1
30 2
31 2
32 1
33 1
34 2
35 2
36 1
37 1
38 2
39 2
40 2
41 1
42 2
43 1
44 1
45 2
46 2
47 1
48 1
49 2
50 1
51 2
52 2
53 1
54 2
55 1
56 2
57 1
58 2
59 2
60 1
61 2
62 1
63 1
64 2
65 2
66 1
67 2
68 1
69 1
70 2
71 2
72 2
73 2
74 1
75 1
76 1
77 1
78 2
79 2
80 1
81 2
82 2
83 1
84 2
85 2
86 2
87 2
88 1
89 1
90 1
91 2
92 2
93 2
94 1
95 2
96 2
97 1
98 1
99 2
100 1
