// obj: 876.0
// running_duration: 741.1944179534912
// gap: 0.0
// obj_bound: 876.0
// time_limit: ('TIME_LIMIT', <class 'float'>, 3600.0, 0.0, inf, inf)
// num_nodes: 300
1 2
2 2
3 2
4 1
5 1
6 1
7 2
8 2
9 1
10 1
11 1
12 2
13 2
14 1
15 1
16 2
17 2
18 1
19 1
20 1
21 2
22 1
23 1
24 2
25 1
26 2
27 2
28 1
29 1
30 1
31 2
32 2
33 2
34 1
35 1
36 1
37 1
38 1
39 1
40 2
41 1
42 2
43 1
44 2
45 2
46 2
47 2
48 2
49 2
50 1
51 1
52 2
53 1
54 2
55 1
56 1
57 2
58 2
59 2
60 2
61 1
62 1
63 2
64 2
65 1
66 1
67 2
68 1
69 2
70 2
71 2
72 1
73 1
74 2
75 2
76 2
77 2
78 1
79 2
80 2
81 2
82 1
83 2
84 2
85 2
86 2
87 2
88 1
89 1
90 2
91 2
92 2
93 2
94 1
95 1
96 1
97 2
98 2
99 2
100 2
101 2
102 1
103 1
104 2
105 1
106 2
107 1
108 1
109 2
110 2
111 1
112 1
113 1
114 1
115 1
116 1
117 2
118 2
119 2
120 2
121 1
122 2
123 1
124 2
125 2
126 1
127 1
128 2
129 1
130 1
131 2
132 2
133 1
134 2
135 2
136 2
137 2
138 2
139 2
140 1
141 1
142 1
143 2
144 1
145 2
146 2
147 2
148 1
149 2
150 2
151 2
152 1
153 2
154 2
155 2
156 1
157 1
158 1
159 2
160 2
161 2
162 1
163 1
164 1
165 1
166 1
167 2
168 2
169 2
170 1
171 2
172 2
173 2
174 2
175 1
176 1
177 2
178 1
179 2
180 1
181 1
182 2
183 1
184 2
185 1
186 2
187 1
188 2
189 1
190 1
191 1
192 1
193 2
194 2
195 2
196 2
197 2
198 1
199 1
200 1
201 1
202 1
203 1
204 2
205 1
206 2
207 2
208 2
209 1
210 1
211 2
212 2
213 2
214 1
215 2
216 2
217 2
218 2
219 2
220 2
221 2
222 2
223 1
224 2
225 1
226 1
227 1
228 2
229 2
230 1
231 2
232 2
233 1
234 2
235 1
236 1
237 1
238 2
239 1
240 1
241 2
242 2
243 1
244 1
245 1
246 1
247 1
248 1
249 1
250 2
251 1
252 1
253 2
254 2
255 1
256 1
257 1
258 2
259 2
260 2
261 1
262 1
263 1
264 1
265 1
266 1
267 2
268 1
269 1
270 2
271 2
272 2
273 2
274 2
275 1
276 2
277 2
278 1
279 1
280 1
281 1
282 1
283 2
284 2
285 1
286 1
287 1
288 1
289 2
290 2
291 1
292 1
293 1
294 2
295 2
296 1
297 2
298 1
299 1
300 2
