// obj: 577.0
// running_duration: 34.39360189437866
// gap: 0.0
// obj_bound: 577.0
// time_limit: ('TIME_LIMIT', <class 'float'>, 3600.0, 0.0, inf, inf)
// num_nodes: 200
1 2
2 2
3 1
4 1
5 1
6 2
7 2
8 2
9 1
10 2
11 2
12 1
13 1
14 1
15 1
16 1
17 2
18 1
19 1
20 2
21 2
22 2
23 2
24 1
25 1
26 2
27 2
28 1
29 1
30 2
31 2
32 2
33 1
34 1
35 2
36 1
37 2
38 2
39 1
40 2
41 1
42 1
43 1
44 2
45 2
46 1
47 1
48 1
49 1
50 1
51 1
52 2
53 1
54 1
55 2
56 1
57 1
58 2
59 2
60 1
61 2
62 1
63 2
64 1
65 1
66 2
67 2
68 2
69 1
70 1
71 1
72 2
73 2
74 1
75 1
76 2
77 1
78 2
79 1
80 2
81 1
82 2
83 2
84 1
85 1
86 2
87 2
88 1
89 2
90 1
91 1
92 1
93 1
94 2
95 2
96 2
97 1
98 1
99 2
100 1
101 2
102 2
103 1
104 2
105 1
106 1
107 2
108 2
109 2
110 2
111 1
112 1
113 2
114 2
115 2
116 1
117 1
118 1
119 2
120 1
121 1
122 2
123 2
124 2
125 2
126 1
127 2
128 1
129 1
130 1
131 1
132 2
133 2
134 1
135 2
136 2
137 2
138 2
139 1
140 1
141 2
142 1
143 2
144 2
145 2
146 1
147 2
148 2
149 1
150 1
151 2
152 1
153 2
154 1
155 1
156 2
157 1
158 1
159 1
160 2
161 2
162 2
163 1
164 2
165 1
166 1
167 2
168 2
169 2
170 2
171 2
172 1
173 2
174 2
175 1
176 2
177 2
178 2
179 2
180 1
181 2
182 2
183 1
184 2
185 2
186 1
187 1
188 2
189 1
190 1
191 2
192 1
193 1
194 1
195 2
196 2
197 1
198 2
199 1
200 1
