// obj: 1473.0
// running_duration: 3600.1110560894012
// gap: 0.019687712152070606
// obj_bound: 1502.0
// time_limit: ('TIME_LIMIT', <class 'float'>, 3600.0, 0.0, inf, inf)
// num_nodes: 500
1 1
2 1
3 2
4 1
5 2
6 1
7 2
8 1
9 2
10 1
11 2
12 2
13 2
14 2
15 1
16 2
17 2
18 1
19 1
20 1
21 2
22 2
23 1
24 2
25 1
26 1
27 1
28 1
29 2
30 1
31 2
32 2
33 1
34 1
35 2
36 1
37 2
38 1
39 1
40 2
41 2
42 1
43 1
44 2
45 2
46 1
47 1
48 2
49 2
50 1
51 2
52 1
53 2
54 1
55 2
56 2
57 1
58 1
59 2
60 1
61 2
62 2
63 2
64 1
65 1
66 2
67 2
68 2
69 2
70 1
71 1
72 1
73 1
74 1
75 2
76 1
77 1
78 1
79 2
80 2
81 2
82 2
83 2
84 2
85 2
86 2
87 1
88 1
89 1
90 1
91 2
92 1
93 1
94 1
95 2
96 2
97 1
98 2
99 2
100 2
101 1
102 2
103 2
104 1
105 2
106 2
107 2
108 1
109 2
110 1
111 2
112 2
113 2
114 2
115 1
116 1
117 2
118 2
119 2
120 1
121 2
122 2
123 1
124 2
125 2
126 2
127 1
128 1
129 1
130 1
131 1
132 2
133 1
134 2
135 2
136 2
137 1
138 1
139 2
140 1
141 1
142 1
143 2
144 2
145 1
146 1
147 2
148 2
149 1
150 2
151 1
152 1
153 1
154 2
155 1
156 1
157 1
158 2
159 1
160 2
161 2
162 1
163 2
164 1
165 1
166 2
167 1
168 2
169 2
170 1
171 2
172 1
173 1
174 2
175 1
176 1
177 1
178 2
179 2
180 1
181 2
182 1
183 2
184 1
185 1
186 1
187 1
188 1
189 2
190 1
191 1
192 2
193 1
194 1
195 1
196 2
197 2
198 2
199 1
200 2
201 2
202 1
203 1
204 1
205 2
206 2
207 2
208 1
209 1
210 2
211 2
212 1
213 2
214 1
215 2
216 1
217 1
218 1
219 2
220 1
221 1
222 2
223 1
224 2
225 1
226 1
227 1
228 2
229 2
230 2
231 1
232 2
233 2
234 2
235 1
236 2
237 2
238 1
239 1
240 2
241 1
242 2
243 2
244 2
245 1
246 2
247 1
248 1
249 2
250 1
251 2
252 1
253 1
254 2
255 1
256 2
257 1
258 2
259 1
260 2
261 2
262 2
263 1
264 1
265 2
266 2
267 2
268 2
269 2
270 1
271 1
272 2
273 1
274 1
275 2
276 2
277 2
278 2
279 1
280 2
281 1
282 1
283 1
284 1
285 2
286 1
287 2
288 1
289 2
290 2
291 2
292 1
293 1
294 1
295 2
296 1
297 1
298 2
299 2
300 2
301 1
302 1
303 2
304 1
305 2
306 1
307 1
308 1
309 2
310 1
311 1
312 1
313 2
314 1
315 1
316 2
317 1
318 2
319 1
320 1
321 2
322 1
323 1
324 2
325 1
326 2
327 1
328 1
329 1
330 2
331 1
332 1
333 2
334 1
335 1
336 1
337 2
338 1
339 1
340 2
341 1
342 1
343 1
344 2
345 1
346 2
347 1
348 2
349 1
350 1
351 2
352 1
353 2
354 1
355 2
356 2
357 1
358 2
359 2
360 1
361 1
362 1
363 2
364 2
365 2
366 1
367 2
368 2
369 1
370 1
371 2
372 1
373 2
374 1
375 2
376 2
377 1
378 2
379 2
380 2
381 1
382 1
383 1
384 1
385 2
386 1
387 1
388 2
389 2
390 2
391 1
392 2
393 2
394 2
395 1
396 1
397 1
398 1
399 1
400 2
401 1
402 2
403 1
404 2
405 2
406 2
407 2
408 1
409 2
410 2
411 2
412 1
413 2
414 2
415 1
416 1
417 1
418 1
419 2
420 1
421 1
422 2
423 1
424 1
425 1
426 2
427 2
428 2
429 1
430 1
431 1
432 1
433 1
434 1
435 2
436 2
437 1
438 1
439 1
440 2
441 2
442 1
443 2
444 2
445 1
446 1
447 2
448 2
449 1
450 2
451 1
452 2
453 2
454 1
455 1
456 2
457 1
458 2
459 1
460 1
461 2
462 1
463 1
464 1
465 2
466 1
467 2
468 1
469 1
470 1
471 2
472 2
473 2
474 2
475 1
476 2
477 1
478 1
479 2
480 2
481 1
482 2
483 2
484 2
485 2
486 1
487 1
488 1
489 1
490 2
491 2
492 2
493 2
494 1
495 2
496 1
497 1
498 1
499 2
500 2
