// obj: 1177.0
// running_duration: 1130.20454788208
// gap: 0.0
// obj_bound: 1177.0
// time_limit: ('TIME_LIMIT', <class 'float'>, 3600.0, 0.0, inf, inf)
// num_nodes: 400
1 2
2 2
3 1
4 2
5 1
6 2
7 1
8 1
9 2
10 2
11 2
12 2
13 1
14 1
15 1
16 2
17 1
18 1
19 2
20 1
21 1
22 1
23 1
24 1
25 1
26 2
27 1
28 1
29 2
30 2
31 2
32 1
33 1
34 1
35 2
36 2
37 2
38 2
39 1
40 2
41 2
42 1
43 2
44 2
45 2
46 1
47 1
48 2
49 2
50 1
51 1
52 2
53 2
54 1
55 1
56 2
57 1
58 2
59 1
60 2
61 2
62 1
63 1
64 1
65 2
66 2
67 1
68 1
69 2
70 2
71 1
72 1
73 2
74 1
75 2
76 1
77 1
78 2
79 2
80 1
81 1
82 1
83 2
84 2
85 1
86 2
87 1
88 1
89 1
90 2
91 2
92 1
93 2
94 1
95 1
96 1
97 1
98 1
99 2
100 1
101 1
102 2
103 2
104 2
105 1
106 2
107 2
108 1
109 1
110 1
111 2
112 2
113 1
114 2
115 2
116 1
117 2
118 2
119 1
120 1
121 1
122 2
123 2
124 2
125 1
126 2
127 1
128 1
129 2
130 1
131 1
132 1
133 2
134 2
135 2
136 1
137 1
138 2
139 2
140 1
141 2
142 1
143 1
144 1
145 2
146 2
147 2
148 1
149 2
150 2
151 2
152 2
153 1
154 2
155 1
156 1
157 2
158 2
159 1
160 1
161 2
162 2
163 1
164 1
165 1
166 2
167 2
168 2
169 1
170 1
171 2
172 2
173 2
174 1
175 1
176 2
177 1
178 1
179 1
180 2
181 2
182 2
183 1
184 2
185 2
186 1
187 1
188 2
189 2
190 1
191 2
192 1
193 1
194 1
195 2
196 2
197 2
198 2
199 2
200 1
201 2
202 1
203 1
204 1
205 1
206 2
207 2
208 1
209 1
210 1
211 2
212 1
213 1
214 1
215 2
216 2
217 2
218 2
219 1
220 1
221 1
222 1
223 2
224 1
225 1
226 2
227 1
228 1
229 1
230 2
231 2
232 1
233 1
234 1
235 2
236 2
237 2
238 2
239 1
240 1
241 2
242 2
243 1
244 2
245 2
246 2
247 2
248 2
249 1
250 2
251 2
252 1
253 1
254 1
255 2
256 1
257 2
258 2
259 1
260 2
261 1
262 1
263 2
264 2
265 2
266 1
267 2
268 2
269 2
270 2
271 2
272 2
273 1
274 1
275 2
276 2
277 1
278 2
279 2
280 2
281 1
282 1
283 1
284 2
285 1
286 1
287 1
288 1
289 2
290 1
291 1
292 2
293 2
294 2
295 1
296 1
297 2
298 2
299 2
300 1
301 2
302 2
303 1
304 1
305 1
306 2
307 2
308 2
309 2
310 2
311 2
312 2
313 2
314 1
315 1
316 2
317 1
318 2
319 2
320 2
321 2
322 2
323 2
324 1
325 1
326 2
327 1
328 1
329 2
330 1
331 1
332 1
333 1
334 1
335 2
336 1
337 1
338 2
339 2
340 1
341 1
342 1
343 1
344 1
345 1
346 2
347 1
348 2
349 1
350 2
351 1
352 2
353 2
354 1
355 2
356 2
357 2
358 2
359 1
360 2
361 1
362 1
363 1
364 2
365 1
366 1
367 2
368 2
369 2
370 1
371 2
372 1
373 2
374 1
375 1
376 2
377 1
378 2
379 1
380 2
381 2
382 1
383 2
384 2
385 2
386 1
387 2
388 2
389 2
390 2
391 1
392 1
393 1
394 2
395 2
396 1
397 2
398 2
399 1
400 1
