// obj: 877.0
// running_duration: 661.8068420886993
// gap: 0.0
// obj_bound: 877.0
// time_limit: ('TIME_LIMIT', <class 'float'>, 3600.0, 0.0, inf, inf)
// num_nodes: 300
1 2
2 1
3 1
4 1
5 2
6 1
7 2
8 2
9 1
10 1
11 2
12 2
13 2
14 2
15 1
16 1
17 2
18 1
19 1
20 2
21 1
22 1
23 2
24 2
25 2
26 1
27 1
28 2
29 1
30 2
31 1
32 2
33 1
34 1
35 1
36 1
37 2
38 1
39 1
40 2
41 2
42 2
43 2
44 1
45 2
46 2
47 2
48 2
49 1
50 2
51 2
52 1
53 1
54 2
55 2
56 2
57 1
58 1
59 2
60 1
61 2
62 1
63 1
64 2
65 2
66 2
67 1
68 1
69 1
70 1
71 1
72 1
73 1
74 1
75 1
76 2
77 2
78 1
79 1
80 2
81 1
82 1
83 1
84 2
85 2
86 1
87 2
88 1
89 2
90 2
91 2
92 1
93 2
94 1
95 1
96 1
97 2
98 2
99 2
100 2
101 2
102 1
103 1
104 1
105 2
106 1
107 2
108 2
109 1
110 2
111 1
112 1
113 2
114 2
115 2
116 2
117 2
118 2
119 1
120 1
121 1
122 1
123 2
124 1
125 1
126 2
127 2
128 2
129 2
130 2
131 2
132 2
133 1
134 2
135 2
136 2
137 2
138 2
139 2
140 1
141 2
142 2
143 2
144 2
145 2
146 1
147 2
148 2
149 2
150 2
151 1
152 2
153 1
154 2
155 2
156 2
157 1
158 2
159 2
160 2
161 2
162 2
163 1
164 2
165 2
166 1
167 1
168 1
169 1
170 1
171 1
172 2
173 1
174 1
175 1
176 1
177 1
178 1
179 2
180 1
181 1
182 1
183 2
184 1
185 1
186 2
187 1
188 1
189 2
190 1
191 1
192 2
193 2
194 2
195 2
196 2
197 2
198 2
199 2
200 1
201 1
202 1
203 2
204 2
205 2
206 1
207 2
208 1
209 2
210 2
211 2
212 2
213 1
214 2
215 2
216 1
217 1
218 2
219 2
220 2
221 1
222 1
223 2
224 1
225 1
226 2
227 1
228 1
229 1
230 1
231 1
232 1
233 2
234 2
235 2
236 2
237 1
238 2
239 1
240 1
241 2
242 1
243 1
244 2
245 1
246 1
247 1
248 1
249 1
250 1
251 1
252 1
253 1
254 1
255 1
256 1
257 2
258 2
259 1
260 2
261 2
262 2
263 1
264 1
265 2
266 1
267 1
268 2
269 2
270 1
271 2
272 1
273 1
274 1
275 2
276 1
277 1
278 2
279 1
280 2
281 2
282 1
283 1
284 1
285 1
286 2
287 1
288 2
289 2
290 1
291 2
292 1
293 1
294 1
295 1
296 1
297 2
298 1
299 1
300 1
