// obj: 873.0
// running_duration: 553.6148450374603
// gap: 0.0
// obj_bound: 873.0
// time_limit: ('TIME_LIMIT', <class 'float'>, 3600.0, 0.0, inf, inf)
// num_nodes: 300
1 1
2 1
3 1
4 1
5 2
6 1
7 2
8 2
9 2
10 1
11 1
12 1
13 2
14 2
15 1
16 1
17 2
18 2
19 2
20 1
21 2
22 2
23 2
24 2
25 2
26 1
27 2
28 2
29 2
30 2
31 1
32 1
33 2
34 1
35 1
36 1
37 2
38 1
39 2
40 2
41 1
42 2
43 2
44 1
45 1
46 2
47 1
48 1
49 2
50 2
51 1
52 2
53 1
54 1
55 1
56 2
57 2
58 2
59 2
60 1
61 1
62 1
63 2
64 1
65 1
66 2
67 2
68 2
69 2
70 1
71 2
72 1
73 1
74 2
75 2
76 2
77 1
78 1
79 2
80 2
81 2
82 1
83 2
84 1
85 2
86 1
87 1
88 1
89 2
90 2
91 2
92 1
93 1
94 2
95 1
96 2
97 1
98 2
99 2
100 1
101 1
102 2
103 1
104 1
105 1
106 2
107 1
108 2
109 2
110 1
111 1
112 1
113 2
114 1
115 2
116 2
117 1
118 1
119 1
120 2
121 2
122 2
123 2
124 1
125 2
126 2
127 1
128 2
129 1
130 1
131 1
132 2
133 1
134 2
135 2
136 1
137 1
138 2
139 1
140 1
141 2
142 1
143 1
144 1
145 2
146 2
147 1
148 1
149 1
150 2
151 2
152 1
153 2
154 1
155 1
156 1
157 2
158 1
159 2
160 2
161 2
162 1
163 2
164 1
165 1
166 2
167 1
168 2
169 1
170 1
171 1
172 2
173 1
174 1
175 1
176 2
177 2
178 1
179 2
180 1
181 1
182 2
183 2
184 1
185 1
186 1
187 2
188 2
189 2
190 2
191 1
192 1
193 2
194 2
195 2
196 2
197 1
198 1
199 2
200 2
201 1
202 2
203 2
204 2
205 1
206 2
207 2
208 2
209 1
210 2
211 1
212 2
213 1
214 1
215 1
216 1
217 2
218 1
219 2
220 2
221 1
222 1
223 1
224 1
225 2
226 1
227 2
228 2
229 2
230 2
231 2
232 1
233 1
234 2
235 2
236 1
237 2
238 1
239 1
240 2
241 1
242 2
243 2
244 2
245 2
246 2
247 2
248 1
249 1
250 2
251 1
252 2
253 2
254 2
255 1
256 1
257 1
258 2
259 1
260 1
261 1
262 2
263 1
264 1
265 2
266 2
267 2
268 1
269 2
270 1
271 1
272 1
273 2
274 1
275 2
276 2
277 1
278 1
279 1
280 2
281 1
282 1
283 2
284 2
285 2
286 1
287 1
288 1
289 2
290 1
291 2
292 2
293 2
294 1
295 1
296 1
297 1
298 2
299 2
300 2
